10.0,0.1,[2.2455163151993957e-5, 2.2455163151993957e-5, 2.0693838801489722e-10]
10.0,0.10476157527896648,[2.4564000437974615e-5, 2.4564000437974615e-5, 2.290842981885452e-10]
10.0,0.10974987654930562,[2.6867083378752408e-5, 2.6867083378752408e-5, 2.555272393551769e-10]
10.0,0.11497569953977356,[2.938178023002744e-5, 2.938178023002744e-5, 2.8738627032330707e-10]
10.0,0.12045035402587821,[3.212694183279472e-5, 3.212694183279472e-5, 3.260968923255887e-10]
10.0,0.12618568830660204,[3.512301891406303e-5, 3.512301891406303e-5, 3.735052824813832e-10]
10.0,0.1321941148466029,[3.839218749481584e-5, 3.839218749481584e-5, 4.319897195056379e-10]
10.0,0.1384886371393873,[4.195848313334371e-5, 4.195848313334371e-5, 5.046182258801841e-10]
10.0,0.14508287784959398,[4.584794371245346e-5, 4.584794371245346e-5, 5.953505728777181e-10]
10.0,0.15199110829529336,[5.0088762095459986e-5, 5.0088762095459986e-5, 7.092986201466223e-10]
10.0,0.1592282793341092,[5.471144827331196e-5, 5.471144827331196e-5, 8.530568126034289e-10]
10.0,0.16681005372000587,[5.974900198808355e-5, 5.974900198808355e-5, 1.0351216717699827e-9]
10.0,0.17475284000076838,[6.52370961219613e-5, 6.52370961219613e-5, 1.2664180175882074e-9]
10.0,0.18307382802953684,[7.121427104981732e-5, 7.121427104981732e-5, 1.5609567869239464e-9]
10.0,0.19179102616724888,[7.772214060502795e-5, 7.772214060502795e-5, 1.936642439161902e-9]
10.0,0.20092330025650468,[8.480561010358801e-5, 8.480561010358801e-5, 2.4162635250317314e-9]
10.0,0.21049041445120203,[9.251310660794067e-5, 9.251310660794067e-5, 3.0286835851374113e-9]
10.0,0.22051307399030456,[0.00010089682196283608, 0.00010089682196283608, 3.810257941798473e-9]
10.0,0.23101297000831597,[0.00011001296864844767, 0.00011001296864844767, 4.8064847653571755e-9]
10.0,0.24201282647943823,[0.00011992204928597238, 0.00011992204928597238, 6.073901930348622e-9]
10.0,0.2535364493970112,[0.00013068913939293247, 0.00013068913939293247, 7.68219697956736e-9]
10.0,0.2656087782946686,[0.0001423841844597525, 0.0001423841844597525, 9.716489127349888e-9]
10.0,0.2782559402207124,[0.0001550823108600667, 0.0001550823108600667, 1.2279698897992247e-8]
10.0,0.29150530628251764,[0.0001688641506858336, 0.0001688641506858336, 1.549483794286192e-8]
10.0,0.30538555088334157,[0.00018381618128880423, 0.00018381618128880423, 1.9507008744348718e-8]
10.0,0.3199267137797383,[0.00020003107983750608, 0.00020003107983750608, 2.4484797510517268e-8]
10.0,0.3351602650938842,[0.00021760809021882289, 0.00021760809021882289, 3.0620586252250316e-8]
10.0,0.35111917342151316,[0.00023665340631025625, 0.00023665340631025625, 3.812924442840334e-8]
10.0,0.3678379771828633,[0.0002572805693951611, 0.0002572805693951611, 4.7244410892523766e-8]
10.0,0.38535285937105296,[0.00027961087821394787, 0.00027961087821394787, 5.821147950483822e-8]
10.0,0.40370172585965547,[0.0003037738140640165, 0.0003037738140640165, 7.127621599966332e-8]
10.0,0.42292428743894983,[0.0003299074789714433, 0.0003299074789714433, 8.666786833388389e-8]
10.0,0.44306214575838804,[0.0003581590475326673, 0.0003581590475326673, 1.0457571683072837e-7]
10.0,0.4641588833612779,[0.0003886852309859137, 0.0003886852309859137, 1.25118289561783e-7]
10.0,0.4862601580065353,[0.0004216527540764731, 0.0004216527540764731, 1.483051816861193e-7]
10.0,0.509413801481638,[0.00045723884347126647, 0.00045723884347126647, 1.7399260759357225e-7]
10.0,0.533669923120631,[0.0004956317272914525, 0.0004956317272914525, 2.0183553024662833e-7]
10.0,0.5590810182512224,[0.0005370311441774749, 0.0005370311441774749, 2.312416338544912e-7]
10.0,0.5857020818056666,[0.0005816488652335228, 0.0005816488652335228, 2.6133510351516613e-7]
10.0,0.6135907273413173,[0.0006297092196986076, 0.0006297092196986076, 2.9094116969549943e-7]
10.0,0.6428073117284321,[0.0006814496324314253, 0.0006814496324314253, 3.1860545532349993e-7]
10.0,0.6734150657750821,[0.0007371211662980087, 0.0007371211662980087, 3.4266494185249827e-7]
10.0,0.7054802310718643,[0.0007969890698202377, 0.0007969890698202377, 3.6139056094846075e-7]
10.0,0.7390722033525778,[0.0008613333312437831, 0.0008613333312437831, 3.732252910909121e-7]
10.0,0.7742636826811271,[0.000930449230235395, 0.000930449230235395, 3.7714485243124647e-7]
10.0,0.8111308307896871,[0.0010046478944267753, 0.0010046478944267753, 3.731682937106298e-7]
10.0,0.8497534359086443,[0.001084256852472794, 0.001084256852472794, 3.63036940456952e-7]
10.0,0.8902150854450386,[0.0011696205816109151, 0.0011696205816109151, 3.5105611343985934e-7]
10.0,0.9326033468832199,[0.00126110105318241, 0.00126110105318241, 3.450540665595638e-7]
10.0,0.9770099572992252,[0.0013590782640668893, 0.0013590782640668893, 3.573705348023684e-7]
10.0,1.0235310218990261,[0.0014639507544987158, 0.0014639507544987158, 4.057899753819661e-7]
10.0,1.0722672220103233,[0.0015761361162278712, 0.0015761361162278712, 5.144562144012921e-7]
10.0,1.1233240329780274,[0.0016960714701614473, 0.0016960714701614473, 7.150549833054072e-7]
10.0,1.1768119524349985,[0.001824213925609213, 0.001824213925609213, 1.0486694250272835e-6]
10.0,1.2328467394420661,[0.0019610410104126275, 0.0019610410104126275, 1.5682715349067112e-6]
10.0,1.2915496650148839,[0.0021070510643246853, 0.0021070510643246853, 2.341170476051998e-6]
10.0,1.353047774579807,[0.002262763595965898, 0.002262763595965898, 3.451681401029455e-6]
10.0,1.4174741629268053,[0.0024287195940297665, 0.0024287195940297665, 5.007144416337082e-6]
10.0,1.484968262254465,[0.0026054817945113775, 0.0026054817945113775, 7.150094182808747e-6]
10.0,1.5556761439304718,[0.0027936348953216373, 0.0027936348953216373, 1.0072234967444667e-5]
10.0,1.6297508346206442,[0.0029937857150921453, 0.0029937857150921453, 1.4024897201023426e-5]
10.0,1.7073526474706906,[0.003206563290773613, 0.003206563290773613, 1.934034563151215e-5]
10.0,1.788649529057435,[0.0034326189065107993, 0.0034326189065107993, 2.6481226304282547e-5]
10.0,1.8738174228603839,[0.003672626060201672, 0.003672626060201672, 3.607327521348367e-5]
10.0,1.9630406500402708,[0.003927280364104552, 0.003927280364104552, 4.8866124299196576e-5]
10.0,2.0565123083486516,[0.004197299369623185, 0.004197299369623185, 6.571086015271207e-5]
10.0,2.154434690031884,[0.004483422355698857, 0.004483422355698857, 8.782458971664157e-5]
10.0,2.25701971963392,[0.004786410056176605, 0.004786410056176605, 0.00011740956659748444]
10.0,2.3644894126454075,[0.005107044376744462, 0.005107044376744462, 0.00015792783256194832]
10.0,2.4770763559917106,[0.005446128152387978, 0.005446128152387978, 0.00021130623785574603]
10.0,2.595024211399736,[0.005804484945019728, 0.005804484945019728, 0.0002755204749486415]
10.0,2.718588242732941,[0.006182958937474638, 0.006182958937474638, 0.0003546175645442788]
10.0,2.8480358684358014,[0.006582414929239499, 0.006582414929239499, 0.0004551997781683519]
10.0,2.9836472402833394,[0.007003738378727202, 0.007003738378727202, 0.0005854645495360747]
10.0,3.1257158496882362,[0.007447835402174783, 0.007447835402174783, 0.0007543170167871816]
10.0,3.2745491628777286,[0.007915632493668475, 0.007915632493668475, 0.0009661505784586424]
10.0,3.4304692863149184,[0.008408075701196964, 0.008408075701196964, 0.0012580439939802151]
10.0,3.5938136638046276,[0.008926128853222137, 0.008926128853222137, 0.0016227836561752051]
10.0,3.7649358067924683,[0.009470770461142267, 0.009470770461142267, 0.002022925924144305]
10.0,3.944206059437655,[0.010042989024821215, 0.010042989024821215, 0.002503079265775977]
10.0,4.132012400115337,[0.010643776754090995, 0.010643776754090995, 0.0030214392656290633]
10.0,4.328761281083058,[0.01127412227356657, 0.01127412227356657, 0.0036117485195026615]
10.0,4.534878508128582,[0.011935004026023644, 0.011935004026023644, 0.004364720382662413]
10.0,4.7508101621027965,[0.01262738773371865, 0.01262738773371865, 0.005283414470027509]
10.0,4.977023564332112,[0.013352232906081243, 0.013352232906081243, 0.006361553806795014]
10.0,5.214008287999684,[0.014110512187475846, 0.014110512187475846, 0.007114853807399048]
10.0,5.462277217684341,[0.014903238753950733, 0.014903238753950733, 0.008028602215318308]
10.0,5.722367659350217,[0.01573148268378829, 0.01573148268378829, 0.008712917192699534]
10.0,5.99484250318941,[0.016596355404062676, 0.016596355404062676, 0.009448207191918882]
10.0,6.280291441834253,[0.017498974464733103, 0.017498974464733103, 0.00986653467800522]
10.0,6.579332246575681,[0.018440466841468186, 0.018440466841468186, 0.010220166874860562]
10.0,6.892612104349697,[0.019422067096596034, 0.019422067096596034, 0.010779503762563532]
10.0,7.220809018385464,[0.020445268516235713, 0.020445268516235713, 0.011926958625113393]
10.0,7.564633275546289,[0.021511867632407856, 0.021511867632407856, 0.012905548574293728]
10.0,7.924828983539173,[0.022623847023180398, 0.022623847023180398, 0.013727232235340765]
10.0,8.302175681319746,[0.023783202571485248, 0.023783202571485248, 0.01470877174315143]
10.0,8.697490026177835,[0.024991787546751926, 0.024991787546751926, 0.0172344812079912]
10.0,9.111627561154892,[0.02625088856978702, 0.02625088856978702, 0.019004384716668918]
10.0,9.54548456661834,[0.02756232666607184, 0.02756232666607184, 0.021814632576053556]
10.0,10.0,[0.028930782476989565, 0.028930782476989565, 0.02312909083826159]
100.0,0.1,[2.2450402477168906e-5, 2.2450402477168906e-5, 1.5351844897472145e-17]
100.0,0.10476157527896648,[2.4558833542540957e-5, 2.4558833542540957e-5, 1.4891102028134914e-17]
100.0,0.10974987654930562,[2.6861486475618157e-5, 2.6861486475618157e-5, 1.3199233197288186e-17]
100.0,0.11497569953977356,[2.9375729410544272e-5, 2.9375729410544272e-5, 1.1612464606091362e-17]
100.0,0.12045035402587821,[3.21204142547538e-5, 3.21204142547538e-5, 1.0641530865732044e-17]
100.0,0.12618568830660204,[3.511599395169955e-5, 3.511599395169955e-5, 9.456745422713977e-18]
100.0,0.1321941148466029,[3.838464510309194e-5, 3.838464510309194e-5, 9.488015325314698e-18]
100.0,0.1384886371393873,[4.1950406442972584e-5, 4.1950406442972584e-5, 1.0486706248604222e-17]
100.0,0.14508287784959398,[4.583931989983606e-5, 4.583931989983606e-5, 1.319698177780257e-17]
100.0,0.15199110829529336,[5.007958103136576e-5, 5.007958103136576e-5, 1.7552641226686352e-17]
100.0,0.1592282793341092,[5.470170536038467e-5, 5.470170536038467e-5, 2.2677951674902814e-17]
100.0,0.16681005372000587,[5.973869937616026e-5, 5.973869937616026e-5, 2.930653513692986e-17]
100.0,0.17475284000076838,[6.522624443021613e-5, 6.522624443021613e-5, 3.559183881362447e-17]
100.0,0.18307382802953684,[7.120289079636091e-5, 7.120289079636091e-5, 4.1213130573715585e-17]
100.0,0.19179102616724888,[7.771026528556916e-5, 7.771026528556916e-5, 4.367520532381072e-17]
100.0,0.20092330025650468,[8.479329091633514e-5, 8.479329091633514e-5, 4.40305696967187e-17]
100.0,0.21049041445120203,[9.25004144727357e-5, 9.25004144727357e-5, 4.0099406698553235e-17]
100.0,0.22051307399030456,[0.00010088384619322281, 0.00010088384619322281, 3.665544168855336e-17]
100.0,0.23101297000831597,[0.00010999982641185869, 0.00010999982641185869, 3.566841197680681e-17]
100.0,0.24201282647943823,[0.0001199088869389649, 0.0001199088869389649, 4.137219721957694e-17]
100.0,0.2535364493970112,[0.0001306761377694943, 0.0001306761377694943, 5.373624446311489e-17]
100.0,0.2656087782946686,[0.00014237155607246587, 0.00014237155607246587, 6.925015677147575e-17]
100.0,0.2782559402207124,[0.00015507030913912764, 0.00015507030913912764, 8.434482955010085e-17]
100.0,0.29150530628251764,[0.00016885306899035838, 0.00016885306899035838, 9.346706831462997e-17]
100.0,0.30538555088334157,[0.00018380635957098766, 0.00018380635957098766, 9.025687949013591e-17]
100.0,0.3199267137797383,[0.00020002291111796404, 0.00020002291111796404, 8.386170687978711e-17]
100.0,0.3351602650938842,[0.00021760203067641866, 0.00021760203067641866, 8.343038400082076e-17]
100.0,0.35111917342151316,[0.00023664998308456204, 0.00023664998308456204, 9.44264506841472e-17]
100.0,0.3678379771828633,[0.00025728038460448474, 0.00025728038460448474, 1.2072343553752838e-16]
100.0,0.38535285937105296,[0.0002796146141188537, 0.0002796146141188537, 1.5211563792379838e-16]
100.0,0.40370172585965547,[0.00030378222845075365, 0.00030378222845075365, 1.6684520636111324e-16]
100.0,0.42292428743894983,[0.00032992139128392583, 0.00032992139128392583, 1.5981300651438696e-16]
100.0,0.44306214575838804,[0.0003581793130341612, 0.0003581793130341612, 1.7217837456111597e-16]
100.0,0.4641588833612779,[0.00038871274477690913, 0.00038871274477690913, 3.0323190895136025e-16]
100.0,0.4862601580065353,[0.0004216884363719751, 0.0004216884363719751, 8.884928832475304e-16]
100.0,0.509413801481638,[0.00045728363109043344, 0.00045728363109043344, 3.749144323036653e-15]
100.0,0.533669923120631,[0.0004956865826894739, 0.0004956865826894739, 1.5920538208543626e-14]
100.0,0.5590810182512224,[0.0005370970703126513, 0.0005370970703126513, 6.370690963963391e-14]
100.0,0.5857020818056666,[0.0005817268444885494, 0.0005817268444885494, 2.4826981343029466e-13]
100.0,0.6135907273413173,[0.0006298001902765143, 0.0006298001902765143, 9.479165956577886e-13]
100.0,0.6428073117284321,[0.0006815543704845998, 0.0006815543704845998, 3.4250196523977757e-12]
100.0,0.6734150657750821,[0.0007372400187898824, 0.0007372400187898824, 1.1519711300402608e-11]
100.0,0.7054802310718643,[0.0007971222374241709, 0.0007971222374241709, 3.474499569494629e-11]
100.0,0.7390722033525778,[0.000861480453172226, 0.000861480453172226, 1.0654232459538904e-10]
100.0,0.7742636826811271,[0.000930608924069368, 0.000930608924069368, 3.139633646756203e-10]
100.0,0.8111308307896871,[0.0010048183613022446, 0.0010048183613022446, 8.430470565684398e-10]
100.0,0.8497534359086443,[0.00108443385430426, 0.00108443385430426, 2.009306609154411e-9]
100.0,0.8902150854450386,[0.0011697996822898134, 0.0011697996822898134, 5.512061381065554e-9]
100.0,0.9326033468832199,[0.001261276320950687, 0.001261276320950687, 1.3267983397353123e-8]
100.0,0.9770099572992252,[0.0013592335774263626, 0.0013592335774263626, 2.9377781997088817e-8]
100.0,1.0235310218990261,[0.0014640844158263773, 0.0014640844158263773, 6.198463129859008e-8]
100.0,1.0722672220103233,[0.0015762346063250062, 0.0015762346063250062, 1.3052380962223197e-7]
100.0,1.1233240329780274,[0.0016960845457821509, 0.0016960845457821509, 2.7323510859750103e-7]
100.0,1.1768119524349985,[0.0018241481745102676, 0.0018241481745102676, 5.219471916566297e-7]
100.0,1.2328467394420661,[0.0019608497287880687, 0.0019608497287880687, 1.0387958946004886e-6]
100.0,1.2915496650148839,[0.002106674589606445, 0.002106674589606445, 1.7478949644254297e-6]
100.0,1.353047774579807,[0.0022621505202999356, 0.0022621505202999356, 3.0577804611413964e-6]
100.0,1.4174741629268053,[0.0024277665549017544, 0.0024277665549017544, 4.657413804947962e-6]
100.0,1.484968262254465,[0.0026041143282913323, 0.0026041143282913323, 6.470544486602531e-6]
100.0,1.5556761439304718,[0.002791911273137337, 0.002791911273137337, 1.0178403581043352e-5]
100.0,1.6297508346206442,[0.0029913397369907826, 0.0029913397369907826, 1.4786298729387978e-5]
100.0,1.7073526474706906,[0.003202772989186607, 0.003202772989186607, 2.380179982689556e-5]
100.0,1.788649529057435,[0.0034280448674791813, 0.0034280448674791813, 3.883456169108214e-5]
100.0,1.8738174228603839,[0.0036669795569910226, 0.0036669795569910226, 5.974851064217322e-5]
100.0,1.9630406500402708,[0.003918413508723493, 0.003918413508723493, 8.246550250909024e-5]
100.0,2.0565123083486516,[0.004185209357747891, 0.004185209357747891, 0.0001291979674136719]
100.0,2.154434690031884,[0.004467892811868231, 0.004467892811868231, 0.00019686468816625978]
100.0,2.25701971963392,[0.0047661140534371255, 0.0047661140534371255, 0.0002834373289804653]
100.0,2.3644894126454075,[0.005078014856936709, 0.005078014856936709, 0.00037592905706841455]
100.0,2.4770763559917106,[0.005405784005273978, 0.005405784005273978, 0.0005748854718166912]
100.0,2.595024211399736,[0.005754257084108678, 0.005754257084108678, 0.0007802763680604734]
100.0,2.718588242732941,[0.006120865405544034, 0.006120865405544034, 0.0009697429321065998]
100.0,2.8480358684358014,[0.006499152949078063, 0.006499152949078063, 0.0013514161805395647]
100.0,2.9836472402833394,[0.006890841278633353, 0.006890841278633353, 0.0017729127824955022]
100.0,3.1257158496882362,[0.0073131471645050275, 0.0073131471645050275, 0.002057528579937277]
100.0,3.2745491628777286,[0.007758413825721807, 0.007758413825721807, 0.002614078766173242]
100.0,3.4304692863149184,[0.008207426367472357, 0.008207426367472357, 0.0032244646595416086]
100.0,3.5938136638046276,[0.00868008354393247, 0.00868008354393247, 0.004077058096430327]
100.0,3.7649358067924683,[0.009163262738063036, 0.009163262738063036, 0.004896021693825613]
100.0,3.944206059437655,[0.009683988700097576, 0.009683988700097576, 0.00580908264631916]
100.0,4.132012400115337,[0.010214479238284061, 0.010214479238284061, 0.006746066451668315]
100.0,4.328761281083058,[0.010766297663719148, 0.010766297663719148, 0.007502192051930058]
100.0,4.534878508128582,[0.0112720721684298, 0.0112720721684298, 0.008755589582533141]
100.0,4.7508101621027965,[0.011812982239730627, 0.011812982239730627, 0.009351564726961066]
100.0,4.977023564332112,[0.012394926579696732, 0.012394926579696732, 0.009627954368709297]
100.0,5.214008287999684,[0.012974103627509344, 0.012974103627509344, 0.010985144210258839]
100.0,5.462277217684341,[0.013521905739954107, 0.013521905739954107, 0.011649408727349592]
100.0,5.722367659350217,[0.014152201939943584, 0.014152201939943584, 0.012298291385413272]
100.0,5.99484250318941,[0.01470215355583388, 0.01470215355583388, 0.01279590722783768]
100.0,6.280291441834253,[0.015278234028444764, 0.015278234028444764, 0.013204841304365259]
100.0,6.579332246575681,[0.01596737440965044, 0.01596737440965044, 0.01452078025481433]
100.0,6.892612104349697,[0.01661945215525257, 0.01661945215525257, 0.014786163887669632]
100.0,7.220809018385464,[0.01725228398440487, 0.01725228398440487, 0.015514582283550682]
100.0,7.564633275546289,[0.017905275499398358, 0.017905275499398358, 0.01654168522794456]
100.0,7.924828983539173,[0.018646612465904037, 0.018646612465904037, 0.018239085834998038]
100.0,8.302175681319746,[0.019319641311264173, 0.019319641311264173, 0.018314173447959003]
100.0,8.697490026177835,[0.020110802279217067, 0.020110802279217067, 0.019138305558463763]
100.0,9.111627561154892,[0.020642610835194208, 0.020642610835194208, 0.019875320850024768]
100.0,9.54548456661834,[0.021441238086173632, 0.021441238086173632, 0.020546073072241898]
100.0,10.0,[0.02213192160312997, 0.02213192160312997, 0.021477064598767776]
1000.0,0.1,[2.245396288059512e-5, 2.245396288059512e-5, 3.4264267908009623e-16]
1000.0,0.10476157527896648,[2.4562854817796235e-5, 2.4562854817796235e-5, 2.917147225164918e-16]
1000.0,0.10974987654930562,[2.686601599883396e-5, 2.686601599883396e-5, 2.647765460118394e-16]
1000.0,0.11497569953977356,[2.9380823188364513e-5, 2.9380823188364513e-5, 2.4775973770301533e-16]
1000.0,0.12045035402587821,[3.2126131140369414e-5, 3.2126131140369414e-5, 2.3767714143495443e-16]
1000.0,0.12618568830660204,[3.512239653938149e-5, 3.512239653938149e-5, 2.2773750367102737e-16]
1000.0,0.1321941148466029,[3.8391805941798927e-5, 3.8391805941798927e-5, 2.273860634443714e-16]
1000.0,0.1384886371393873,[4.1958402830128873e-5, 4.1958402830128873e-5, 2.3282444030581174e-16]
1000.0,0.14508287784959398,[4.584823623508622e-5, 4.584823623508622e-5, 2.2114539829875534e-16]
1000.0,0.15199110829529336,[5.008950884544756e-5, 5.008950884544756e-5, 1.9744375143834914e-16]
1000.0,0.1592282793341092,[5.4712736568431973e-5, 5.4712736568431973e-5, 2.2130162971989915e-16]
1000.0,0.16681005372000587,[5.9750961658756135e-5, 5.9750961658756135e-5, 2.2730827458332545e-16]
1000.0,0.17475284000076838,[6.523985649304638e-5, 6.523985649304638e-5, 2.3445805546637247e-16]
1000.0,0.18307382802953684,[7.121797765853936e-5, 7.121797765853936e-5, 2.652682845285547e-16]
1000.0,0.19179102616724888,[7.772695837317229e-5, 7.772695837317229e-5, 3.258618302223902e-16]
1000.0,0.20092330025650468,[8.481175877422467e-5, 8.481175877422467e-5, 2.748959723474326e-16]
1000.0,0.21049041445120203,[9.252087515556285e-5, 9.252087515556285e-5, 2.5169294726745314e-16]
1000.0,0.22051307399030456,[0.0001009064146880547, 0.0001009064146880547, 2.795748599218038e-16]
1000.0,0.23101297000831597,[0.00011002471867210574, 0.00011002471867210574, 2.909512649663252e-16]
1000.0,0.24201282647943823,[0.00011993626401272932, 0.00011993626401272932, 3.302149343655443e-16]
1000.0,0.2535364493970112,[0.00013070627271621714, 0.00013070627271621714, 3.14009573275591e-16]
1000.0,0.2656087782946686,[0.00014240464497343496, 0.00014240464497343496, 3.43454762487581e-16]
1000.0,0.2782559402207124,[0.00015510651119105313, 0.00015510651119105313, 3.5381651572977186e-16]
1000.0,0.29150530628251764,[0.00016889289198549352, 0.00016889289198549352, 3.7084884038550884e-16]
1000.0,0.30538555088334157,[0.00018384988555274006, 0.00018384988555274006, 3.8486823970373974e-16]
1000.0,0.3199267137797383,[0.00020007067036940994, 0.00020007067036940994, 4.007775848165856e-16]
1000.0,0.3351602650938842,[0.0002176544965194614, 0.0002176544965194614, 3.62283252940447e-16]
1000.0,0.35111917342151316,[0.0002367073001906204, 0.0002367073001906204, 3.502204701512266e-16]
1000.0,0.3678379771828633,[0.0002573435350051141, 0.0002573435350051141, 4.2666621962802115e-16]
1000.0,0.38535285937105296,[0.00027968393755817565, 0.00027968393755817565, 4.909203737519589e-16]
1000.0,0.40370172585965547,[0.00030385801241432895, 0.00030385801241432895, 5.465138188158159e-16]
1000.0,0.42292428743894983,[0.00033000395178342995, 0.00033000395178342995, 5.925317106825608e-16]
1000.0,0.44306214575838804,[0.0003582696602604832, 0.0003582696602604832, 6.607687124201616e-16]
1000.0,0.4641588833612779,[0.00038881170270783753, 0.00038881170270783753, 1.6468599851393271e-15]
1000.0,0.4862601580065353,[0.00042179622002027175, 0.00042179622002027175, 6.469279972549282e-15]
1000.0,0.509413801481638,[0.0004574009598222772, 0.0004574009598222772, 3.3146654888939977e-14]
1000.0,0.533669923120631,[0.0004958153924367812, 0.0004958153924367812, 1.4379471152023756e-13]
1000.0,0.5590810182512224,[0.0005372391879986041, 0.0005372391879986041, 5.627237209142892e-13]
1000.0,0.5857020818056666,[0.0005818823788284816, 0.0005818823788284816, 2.44904141561676e-12]
1000.0,0.6135907273413173,[0.0006299709489513898, 0.0006299709489513898, 8.668305647878938e-12]
1000.0,0.6428073117284321,[0.0006817412295918422, 0.0006817412295918422, 3.291955919927793e-11]
1000.0,0.6734150657750821,[0.0007374438603486525, 0.0007374438603486525, 1.0081810740017674e-10]
1000.0,0.7054802310718643,[0.0007973428363815371, 0.0007973428363815371, 3.1248771830436345e-10]
1000.0,0.7390722033525778,[0.0008617207791563668, 0.0008617207791563668, 1.0217653238381399e-9]
1000.0,0.7742636826811271,[0.0009308710687301083, 0.0009308710687301083, 2.5282120026770337e-9]
1000.0,0.8111308307896871,[0.0010051026099241512, 0.0010051026099241512, 6.691168881298259e-9]
1000.0,0.8497534359086443,[0.0010847435152248034, 0.0010847435152248034, 1.4158079303803716e-8]
1000.0,0.8902150854450386,[0.0011701325013159423, 0.0011701325013159423, 2.8883201955895298e-8]
1000.0,0.9326033468832199,[0.0012616497660199078, 0.0012616497660199078, 5.624687971165635e-8]
1000.0,0.9770099572992252,[0.0013596409287576978, 0.0013596409287576978, 1.022605069500833e-7]
1000.0,1.0235310218990261,[0.0014645183029349425, 0.0014645183029349425, 2.1035000829347656e-7]
1000.0,1.0722672220103233,[0.0015766813744325181, 0.0015766813744325181, 3.5889755131497484e-7]
1000.0,1.1233240329780274,[0.001696573613083288, 0.001696573613083288, 5.739455002567934e-7]
1000.0,1.1768119524349985,[0.0018246084797399944, 0.0018246084797399944, 1.100617275506836e-6]
1000.0,1.2328467394420661,[0.0019613249532957214, 0.0019613249532957214, 1.804148801039075e-6]
1000.0,1.2915496650148839,[0.002107201145225333, 0.002107201145225333, 2.7587182573054786e-6]
1000.0,1.353047774579807,[0.0022627026581044873, 0.0022627026581044873, 4.564353795585287e-6]
1000.0,1.4174741629268053,[0.002427804945217541, 0.002427804945217541, 7.823618367279432e-6]
1000.0,1.484968262254465,[0.0026042653081232484, 0.0026042653081232484, 1.2740330699371462e-5]
1000.0,1.5556761439304718,[0.0027915322258689184, 0.0027915322258689184, 2.2616251928395962e-5]
1000.0,1.6297508346206442,[0.0029905948361933794, 0.0029905948361933794, 3.6105685077079376e-5]
1000.0,1.7073526474706906,[0.003202085519307297, 0.003202085519307297, 6.282214488166579e-5]
1000.0,1.788649529057435,[0.003425876587296979, 0.003425876587296979, 0.00010879267800071244]
1000.0,1.8738174228603839,[0.003661111866119962, 0.003661111866119962, 0.0001700117985487397]
1000.0,1.9630406500402708,[0.003908376996580328, 0.003908376996580328, 0.00027088582266669806]
1000.0,2.0565123083486516,[0.0041696722579295875, 0.0041696722579295875, 0.0004110615129528911]
1000.0,2.154434690031884,[0.004443882579442025, 0.004443882579442025, 0.0005628297874874743]
1000.0,2.25701971963392,[0.004737453602252006, 0.004737453602252006, 0.0007593118071544555]
1000.0,2.3644894126454075,[0.00502815402050053, 0.00502815402050053, 0.001082496581400652]
1000.0,2.4770763559917106,[0.0053412012301586485, 0.0053412012301586485, 0.001506125248940798]
1000.0,2.595024211399736,[0.005670349750032484, 0.005670349750032484, 0.0020203674867877693]
1000.0,2.718588242732941,[0.006010857459006348, 0.006010857459006348, 0.0023875348385350233]
1000.0,2.8480358684358014,[0.006348054713570826, 0.006348054713570826, 0.002901661058013492]
1000.0,2.9836472402833394,[0.006699593191500054, 0.006699593191500054, 0.0033987173302227865]
1000.0,3.1257158496882362,[0.007053541616318273, 0.007053541616318273, 0.004104522968826727]
1000.0,3.2745491628777286,[0.007402844665974353, 0.007402844665974353, 0.0046809339564772455]
1000.0,3.4304692863149184,[0.0077341906089841385, 0.0077341906089841385, 0.005126948425005976]
1000.0,3.5938136638046276,[0.008166727263533067, 0.008166727263533067, 0.0061377240817150095]
1000.0,3.7649358067924683,[0.008560677438697416, 0.008560677438697416, 0.006725817358130452]
1000.0,3.944206059437655,[0.008858352757118522, 0.008858352757118522, 0.007181550376191595]
1000.0,4.132012400115337,[0.009254213656553349, 0.009254213656553349, 0.008035370605842048]
1000.0,4.328761281083058,[0.009604877979263723, 0.009604877979263723, 0.00845778010631938]
1000.0,4.534878508128582,[0.010045182488504525, 0.010045182488504525, 0.009551622368927289]
1000.0,4.7508101621027965,[0.010321868414109975, 0.010321868414109975, 0.01000830724609731]
1000.0,4.977023564332112,[0.010746609146908222, 0.010746609146908222, 0.01070355793979454]
1000.0,5.214008287999684,[0.010974408028308588, 0.010974408028308588, 0.010970666699882841]
1000.0,5.462277217684341,[0.011426033829861857, 0.011426033829861857, 0.011042612155697946]
1000.0,5.722367659350217,[0.011691859002580383, 0.011691859002580383, 0.011590851532672534]
1000.0,5.99484250318941,[0.012055320872430351, 0.012055320872430351, 0.01228253823724644]
1000.0,6.280291441834253,[0.012477104132240381, 0.012477104132240381, 0.01199808175345786]
1000.0,6.579332246575681,[0.012812698132340984, 0.012812698132340984, 0.012776344968158613]
1000.0,6.892612104349697,[0.013179784247884812, 0.013179784247884812, 0.013183860717395414]
1000.0,7.220809018385464,[0.013297959351289227, 0.013297959351289227, 0.013406145560904912]
1000.0,7.564633275546289,[0.013949118229791009, 0.013949118229791009, 0.013610396917674508]
1000.0,7.924828983539173,[0.014428626685501869, 0.014428626685501869, 0.013742361018140328]
1000.0,8.302175681319746,[0.014560507454427562, 0.014560507454427562, 0.013721342574994222]
1000.0,8.697490026177835,[0.014886855710684594, 0.014886855710684594, 0.013869545830036493]
1000.0,9.111627561154892,[0.015055246166927692, 0.015055246166927692, 0.014302574910098441]
1000.0,9.54548456661834,[0.015606517717844298, 0.015606517717844298, 0.01433446587593002]
1000.0,10.0,[0.016216158250804982, 0.016216158250804982, 0.014768544370641346]
10000.0,0.1,[2.2454019192739024e-5, 2.2454019192739024e-5, 3.4060312091990505e-14]
10000.0,0.10476157527896648,[2.4563034596129813e-5, 2.4563034596129813e-5, 2.898703531896327e-14]
10000.0,0.10974987654930562,[2.6866304224390017e-5, 2.6866304224390017e-5, 2.6428733795388636e-14]
10000.0,0.11497569953977356,[2.9381223419721748e-5, 2.9381223419721748e-5, 2.4689657973520112e-14]
10000.0,0.12045035402587821,[3.21266483533455e-5, 3.21266483533455e-5, 2.3730548378142465e-14]
10000.0,0.12618568830660204,[3.51230439521231e-5, 3.51230439521231e-5, 2.2765714447100157e-14]
10000.0,0.1321941148466029,[3.839258174810565e-5, 3.839258174810565e-5, 2.28496162107503e-14]
10000.0,0.1384886371393873,[4.195930670872126e-5, 4.195930670872126e-5, 2.334587570842046e-14]
10000.0,0.14508287784959398,[4.584933708009271e-5, 4.584933708009271e-5, 2.193521466794839e-14]
10000.0,0.15199110829529336,[5.0090873447212415e-5, 5.0090873447212415e-5, 1.9256800490579385e-14]
10000.0,0.1592282793341092,[5.47142608748472e-5, 5.47142608748472e-5, 2.1963278684621512e-14]
10000.0,0.16681005372000587,[5.97526945667933e-5, 5.97526945667933e-5, 2.2597714069971676e-14]
10000.0,0.17475284000076838,[6.524181197974933e-5, 6.524181197974933e-5, 2.3585105580589384e-14]
10000.0,0.18307382802953684,[7.122010320539528e-5, 7.122010320539528e-5, 2.6562161540170916e-14]
10000.0,0.19179102616724888,[7.772916131719615e-5, 7.772916131719615e-5, 3.272505306829443e-14]
10000.0,0.20092330025650468,[8.481447707420882e-5, 8.481447707420882e-5, 2.739098716442298e-14]
10000.0,0.21049041445120203,[9.25239852740874e-5, 9.25239852740874e-5, 2.5034788959949233e-14]
10000.0,0.22051307399030456,[0.00010090982901632257, 0.00010090982901632257, 2.8011158671045888e-14]
10000.0,0.23101297000831597,[0.00011002851133665443, 0.00011002851133665443, 2.911914774042884e-14]
10000.0,0.24201282647943823,[0.0001199403547866058, 0.0001199403547866058, 3.342002017926803e-14]
10000.0,0.2535364493970112,[0.0001307109443561323, 0.0001307109443561323, 3.164778633839081e-14]
10000.0,0.2656087782946686,[0.00014240971884298397, 0.00014240971884298397, 3.4674081083269976e-14]
10000.0,0.2782559402207124,[0.00015511227155677409, 0.00015511227155677409, 3.5487735130131946e-14]
10000.0,0.29150530628251764,[0.00016889907893383367, 0.00016889907893383367, 3.7326419225517686e-14]
10000.0,0.30538555088334157,[0.00018385678311422384, 0.00018385678311422384, 3.876939566398373e-14]
10000.0,0.3199267137797383,[0.0002000782465192814, 0.0002000782465192814, 4.0521040041255976e-14]
10000.0,0.3351602650938842,[0.00021766323117359895, 0.00021766323117359895, 3.6228622854926645e-14]
10000.0,0.35111917342151316,[0.00023671767223056443, 0.00023671767223056443, 3.511208363092273e-14]
10000.0,0.3678379771828633,[0.00025735505815504476, 0.00025735505815504476, 4.3316930989629283e-14]
10000.0,0.38535285937105296,[0.00027969686182517715, 0.00027969686182517715, 4.997928323227011e-14]
10000.0,0.40370172585965547,[0.0003038726384397107, 0.0003038726384397107, 5.548468885794766e-14]
10000.0,0.42292428743894983,[0.0003300203678558917, 0.0003300203678558917, 5.714415145734668e-14]
10000.0,0.44306214575838804,[0.00035828532891647795, 0.00035828532891647795, 4.817473866868276e-14]
10000.0,0.4641588833612779,[0.0003888269169719799, 0.0003888269169719799, 6.411090409410721e-14]
10000.0,0.4862601580065353,[0.0004218116731962511, 0.0004218116731962511, 1.3182048353721176e-13]
10000.0,0.509413801481638,[0.0004574167308120545, 0.0004574167308120545, 4.444644785666292e-13]
10000.0,0.533669923120631,[0.0004958314298061677, 0.0004958314298061677, 1.8480887828171514e-12]
10000.0,0.5590810182512224,[0.0005372571140196046, 0.0005372571140196046, 6.153235468443502e-12]
10000.0,0.5857020818056666,[0.0005819035866469008, 0.0005819035866469008, 2.492969376697743e-11]
10000.0,0.6135907273413173,[0.0006299931817758844, 0.0006299931817758844, 7.27935196302811e-11]
10000.0,0.6428073117284321,[0.0006817655359013982, 0.0006817655359013982, 2.0819994946634544e-10]
10000.0,0.6734150657750821,[0.0007374712572705675, 0.0007374712572705675, 5.470105499175536e-10]
10000.0,0.7054802310718643,[0.000797374541818978, 0.000797374541818978, 1.612022769717884e-9]
10000.0,0.7390722033525778,[0.0008617533414845492, 0.0008617533414845492, 3.874179242125375e-9]
10000.0,0.7742636826811271,[0.0009309074340207159, 0.0009309074340207159, 9.039657062831405e-9]
10000.0,0.8111308307896871,[0.0010051468062539522, 0.0010051468062539522, 1.7230969455310954e-8]
10000.0,0.8497534359086443,[0.0010847814324201053, 0.0010847814324201053, 3.118271997401068e-8]
10000.0,0.8902150854450386,[0.0011701798906443705, 0.0011701798906443705, 5.611837428251181e-8]
10000.0,0.9326033468832199,[0.0012616961151545095, 0.0012616961151545095, 8.996978628747968e-8]
10000.0,0.9770099572992252,[0.00135973271863266, 0.00135973271863266, 1.5732143465697177e-7]
10000.0,1.0235310218990261,[0.0014645493158269574, 0.0014645493158269574, 2.582553980585856e-7]
10000.0,1.0722672220103233,[0.0015767056513749799, 0.0015767056513749799, 4.7472064501660837e-7]
10000.0,1.1233240329780274,[0.0016964048057416996, 0.0016964048057416996, 7.995183626024438e-7]
10000.0,1.1768119524349985,[0.0018245372828896529, 0.0018245372828896529, 1.45412200832559e-6]
10000.0,1.2328467394420661,[0.001960871202765385, 0.001960871202765385, 2.7200742057686184e-6]
10000.0,1.2915496650148839,[0.0021071757193928562, 0.0021071757193928562, 5.580219046201742e-6]
10000.0,1.353047774579807,[0.002260995766986946, 0.002260995766986946, 9.442681229668493e-6]
10000.0,1.4174741629268053,[0.0024258325446005462, 0.0024258325446005462, 1.7109546586421515e-5]
10000.0,1.484968262254465,[0.0026000189069863774, 0.0026000189069863774, 3.600838739689576e-5]
10000.0,1.5556761439304718,[0.0027843762873030198, 0.0027843762873030198, 5.6642872215191576e-5]
10000.0,1.6297508346206442,[0.0029851982507724997, 0.0029851982507724997, 9.413938597350793e-5]
10000.0,1.7073526474706906,[0.003192388017054168, 0.003192388017054168, 0.0001657007040117959]
10000.0,1.788649529057435,[0.003411992195340307, 0.003411992195340307, 0.000274785756812609]
10000.0,1.8738174228603839,[0.0036471702697175134, 0.0036471702697175134, 0.00038195664053483874]
10000.0,1.9630406500402708,[0.0038865980717863492, 0.0038865980717863492, 0.0005447662158479131]
10000.0,2.0565123083486516,[0.004135470162455921, 0.004135470162455921, 0.0007694706499454772]
10000.0,2.154434690031884,[0.004398139791355675, 0.004398139791355675, 0.0009448953447090207]
10000.0,2.25701971963392,[0.004669901390087123, 0.004669901390087123, 0.001326508503639958]
10000.0,2.3644894126454075,[0.004947189202365807, 0.004947189202365807, 0.0018969757495795882]
10000.0,2.4770763559917106,[0.005186176344514619, 0.005186176344514619, 0.002356710030037165]
10000.0,2.595024211399736,[0.005479542345611624, 0.005479542345611624, 0.002829996197740413]
10000.0,2.718588242732941,[0.005784206249910519, 0.005784206249910519, 0.0031873066359298175]
10000.0,2.8480358684358014,[0.006067980513571307, 0.006067980513571307, 0.0037214190424595416]
10000.0,2.9836472402833394,[0.006373891978883519, 0.006373891978883519, 0.004179088302673319]
10000.0,3.1257158496882362,[0.006629379292697407, 0.006629379292697407, 0.004833919411505348]
10000.0,3.2745491628777286,[0.0069731301566952515, 0.0069731301566952515, 0.004977530865095306]
10000.0,3.4304692863149184,[0.007188586939355787, 0.007188586939355787, 0.00579854596271762]
10000.0,3.5938136638046276,[0.007555810405962532, 0.007555810405962532, 0.006228013614335637]
10000.0,3.7649358067924683,[0.007798112979285436, 0.007798112979285436, 0.006645426237488108]
10000.0,3.944206059437655,[0.008094493851048936, 0.008094493851048936, 0.00707754381909221]
10000.0,4.132012400115337,[0.00838068343918869, 0.00838068343918869, 0.007519300593523433]
10000.0,4.328761281083058,[0.008523928461845513, 0.008523928461845513, 0.008263497994771564]
10000.0,4.534878508128582,[0.008848257100195399, 0.008848257100195399, 0.009069804292421671]
10000.0,4.7508101621027965,[0.009143427127129794, 0.009143427127129794, 0.009001907058935256]
10000.0,4.977023564332112,[0.009303054271987818, 0.009303054271987818, 0.0093236663983634]
10000.0,5.214008287999684,[0.009559964150464059, 0.009559964150464059, 0.009812712873614546]
10000.0,5.462277217684341,[0.009854350364346679, 0.009854350364346679, 0.010182141683838046]
10000.0,5.722367659350217,[0.010086334872798133, 0.010086334872798133, 0.01031091698587335]
10000.0,5.99484250318941,[0.010186578201787158, 0.010186578201787158, 0.010338046033516908]
10000.0,6.280291441834253,[0.010364945507672191, 0.010364945507672191, 0.01021313612652713]
10000.0,6.579332246575681,[0.01060130016788474, 0.01060130016788474, 0.010471014091870904]
10000.0,6.892612104349697,[0.011091505425556673, 0.011091505425556673, 0.01090271653674307]
10000.0,7.220809018385464,[0.011204411955396495, 0.011204411955396495, 0.01126947039980963]
10000.0,7.564633275546289,[0.011312269286545901, 0.011312269286545901, 0.01103739417144543]
10000.0,7.924828983539173,[0.011582667991712321, 0.011582667991712321, 0.011072634883434997]
10000.0,8.302175681319746,[0.011608135656307993, 0.011608135656307993, 0.011469161939454733]
10000.0,8.697490026177835,[0.012131268377691963, 0.012131268377691963, 0.011714083929697545]
10000.0,9.111627561154892,[0.01225033552086286, 0.01225033552086286, 0.011181681118392114]
10000.0,9.54548456661834,[0.01257550938637311, 0.01257550938637311, 0.011443017878279192]
10000.0,10.0,[0.012879393518294832, 0.012879393518294832, 0.011944975366134392]
