500.0,0.03162277660168379,1.8555250643049235e-07,0.04126599764024274
100.0,0.03162277660168379,1.6254692216394594e-07,0.07022472832572811
20.0,0.03162277660168379,2.241401926267873e-05,0.023394220832908718
500.0,0.03314424749466426,1.7729125383641622e-07,0.09426730620463213
100.0,0.03314424749466426,1.6851385804389503e-07,0.06585402306521403
20.0,0.03314424749466426,2.4462012514540088e-05,0.01970236647302585
500.0,0.03473892112083116,1.7853225728296952e-07,0.02969768020104039
100.0,0.03473892112083116,1.6935287149834845e-07,0.07040039081498924
20.0,0.03473892112083116,2.538717223415344e-05,0.01630438095927948
500.0,0.03641031949310675,3.3575231722688726e-07,0.048634507785649185
100.0,0.03641031949310675,1.8076591637047554e-07,0.11011791056729317
20.0,0.03641031949310675,2.597007506442578e-05,0.02494056218304615
500.0,0.038162134079493565,1.6522527576483175e-07,0.09925749839411546
100.0,0.038162134079493565,1.9433118219913326e-07,0.02989265130672196
20.0,0.038162134079493565,2.825422498792451e-05,0.03787886231365177
500.0,0.03999823395608933,1.6504618906565046e-07,0.11474119804906521
100.0,0.03999823395608933,1.9350443256814808e-07,0.04556329014203847
20.0,0.03999823395608933,2.8863429723969917e-05,0.027947493378881628
500.0,0.04192267435236916,1.8484877868285888e-07,0.020242706486255733
100.0,0.04192267435236916,2.0136845636927004e-07,0.041690054305058635
20.0,0.04192267435236916,3.052308053327681e-05,0.015967577313674534
500.0,0.043939705607607904,1.8281559669365741e-07,0.04328579523008383
100.0,0.043939705607607904,2.1636584919528003e-07,0.06796569576864496
20.0,0.043939705607607904,3.1693532341965705e-05,0.037969177727660404
500.0,0.04605378255822414,1.839850157137084e-07,0.0707597885237164
100.0,0.04605378255822414,2.602421046469013e-07,0.05613297319371892
20.0,0.04605378255822414,3.372944187277081e-05,0.04909208241001199
500.0,0.04826957437677871,1.8694117039597436e-07,0.026484556664028873
100.0,0.04826957437677871,2.513154181209689e-07,0.054791375715224674
20.0,0.04826957437677871,3.7072809609933904e-05,0.03428346088466997
500.0,0.05059197488435825,1.8584704029732505e-07,0.08060997970644214
100.0,0.05059197488435825,2.416693821086975e-07,0.043576606916367486
20.0,0.05059197488435825,4.354601816576875e-05,0.048799052827412356
500.0,0.05302611335911987,1.9307116387223501e-07,0.029101472475031823
100.0,0.05302611335911987,2.5837331281700764e-07,0.054080133231303555
20.0,0.05302611335911987,5.911557655410202e-05,0.05207034685848782
500.0,0.055577365864868784,1.9587430058594312e-07,0.04181403963460324
100.0,0.055577365864868784,2.6111219591106256e-07,0.04382704487720451
20.0,0.055577365864868784,0.0002693490935354798,0.06396501491606321
500.0,0.05825136712468927,2.0564299302577075e-07,0.07339652218444612
100.0,0.05825136712468927,2.647461777248935e-07,0.05046100151367407
20.0,0.05825136712468927,0.0007046005900064394,0.06938578785936203
500.0,0.0610540229658533,1.9817283121680595e-07,0.03335545818488975
100.0,0.0610540229658533,9.433410987594615e-07,0.04530387834838056
20.0,0.0610540229658533,0.0009593270438261867,0.07052252740815958
500.0,0.06399152336349263,2.006311979786202e-07,0.07499272375058083
100.0,0.06399152336349263,6.947910071538098e-05,0.04866719877000493
20.0,0.06399152336349263,0.0042829237951979215,0.0651809560711479
500.0,0.06707035611184306,2.0185329022985427e-07,0.0407791654265436
100.0,0.06707035611184306,0.00168709974964854,0.051084003131857146
20.0,0.06707035611184306,0.014896291379323986,0.07922200026580227
500.0,0.07029732115325472,0.028882946195170275,0.07953505417147108
100.0,0.07029732115325472,0.10162260310574321,0.11267396206914317
20.0,0.07029732115325472,0.031272993431317134,0.029437213587167155
500.0,0.0736795455966163,0.11552927163128839,0.057878160408344814
100.0,0.0736795455966163,0.04405738986926858,0.07756490030828873
20.0,0.0736795455966163,0.05230555066639459,0.0705068585538487
500.0,0.07722449945836259,0.14529442962233005,0.04282550305457118
100.0,0.07722449945836259,0.18362538664443778,0.026573510432297706
20.0,0.07722449945836259,0.0950015240402236,0.07903566268023021
500.0,0.08094001216083124,0.30494850177164634,0.04628070306082271
100.0,0.08094001216083124,0.19136530619121758,0.036013194268766965
20.0,0.08094001216083124,0.1698264997820338,0.07662227944310256
500.0,0.08483428982440722,0.39076790414864154,0.07227242795556728
100.0,0.08483428982440722,0.3862413217354239,0.067806074880376
20.0,0.08483428982440722,0.2613491080604825,0.022208387529568992
500.0,0.08891593339164641,0.40026293322239326,0.02877086345522328
100.0,0.08891593339164641,0.4562753351680261,0.057795522819797086
20.0,0.08891593339164641,0.3409505541660537,0.07716025415191523
500.0,0.0931939576234078,0.5862092700212843,0.04055045843262605
100.0,0.0931939576234078,0.6526976531433956,0.05294926146668772
20.0,0.0931939576234078,0.45540742210358603,0.03119171533498411
500.0,0.09767781100894893,0.7138781007823154,0.04667632594800893
100.0,0.09767781100894893,0.7535940164581001,0.03103316744399073
20.0,0.09767781100894893,0.6345769814698619,0.04697035318466217
500.0,0.1023773966339585,0.7380240053398045,0.07257237659760381
100.0,0.1023773966339585,0.7502007014700302,0.07668017158728783
20.0,0.1023773966339585,0.8013723113009311,0.06889546442669285
500.0,0.10730309405261562,0.8151262325840374,0.04268305697668382
100.0,0.10730309405261562,0.7438679727120971,0.058116663925433305
20.0,0.10730309405261562,0.9063119189144462,0.05720410085081541
500.0,0.11246578221198196,0.7571295975228409,0.026603214461269818
100.0,0.11246578221198196,0.853072412351532,0.041764728401372894
20.0,0.11246578221198196,0.9264039770903021,0.04299618255391522
500.0,0.11787686347935872,0.7465838744784586,0.08017944046913417
100.0,0.11787686347935872,0.8629715228665378,0.0831294234355932
20.0,0.11787686347935872,0.977206085678211,0.058575680258957555
500.0,0.12354828882567469,0.7804010792794457,0.030104165888644327
100.0,0.12354828882567469,0.9685402488990271,0.07030164953092397
20.0,0.12354828882567469,1.0210327044745169,0.04441300328023433
500.0,0.12949258422052626,0.8317081429103637,0.06833489834344383
100.0,0.12949258422052626,0.9944643108067539,0.06354420835454966
20.0,0.12949258422052626,1.1157579636621113,0.04596233221928397
500.0,0.13572287829716537,0.8199521619409453,0.05693953034143931
100.0,0.13572287829716537,1.017302204003047,0.055659467794214754
20.0,0.13572287829716537,1.1933625617796608,0.061521691259586724
500.0,0.14225293134853695,0.8602468063232221,0.02303305642514566
100.0,0.14225293134853695,1.0300164722255898,0.059183907431097776
20.0,0.14225293134853695,1.2142421214356625,0.06318656608423644
500.0,0.14909716571840642,0.9300992746583657,0.04232357505000207
100.0,0.14909716571840642,1.0480048325712648,0.03435559479440292
20.0,0.14909716571840642,1.2612764974760475,0.04670247033124021
500.0,0.15627069765469953,0.91178499060423,0.05289655532828193
100.0,0.15627069765469953,1.1195145788761713,0.08587733247516517
20.0,0.15627069765469953,1.3130578204192724,0.02811765235635258
500.0,0.16378937069540642,0.9285673598879212,0.05883124047855137
100.0,0.16378937069540642,1.0909544934724758,0.051520084107402615
20.0,0.16378937069540642,1.31362533710669,0.07161357530640267
500.0,0.17166979066078608,0.9644566477581109,0.047641729762699585
100.0,0.17166979066078608,1.1209826716838616,0.06341374493598403
20.0,0.17166979066078608,1.3608431922874924,0.03361108900767686
500.0,0.17992936232915524,0.9915449451675886,0.06405696846936185
100.0,0.17992936232915524,1.1001219094589665,0.055623540970356634
20.0,0.17992936232915524,1.37573076817318,0.05450693282824428
500.0,0.18858632787726495,1.0036710932686004,0.061865844643575536
100.0,0.18858632787726495,1.146508948357413,0.06019320011981964
20.0,0.18858632787726495,1.3590342727506564,0.049321616987535614
500.0,0.19765980717016338,0.9959867456145539,0.07293671716058796
100.0,0.19765980717016338,1.1276973166490467,0.06216202921302206
20.0,0.19765980717016338,1.3719681429679866,0.06122536057578288
500.0,0.20716983998953076,0.9799664675092441,0.05716682103952201
100.0,0.20716983998953076,1.10406554368794,0.05618644925807651
20.0,0.20716983998953076,1.3727861804541897,0.038923950623416165
500.0,0.21713743029375185,1.0013859634419098,0.060195506674938865
100.0,0.21713743029375185,1.1440416866247762,0.03941005299840175
20.0,0.21713743029375185,1.402549184380879,0.034681552089998145
500.0,0.22758459260747882,0.9794647033291133,0.05075926702564513
100.0,0.22758459260747882,1.2026360811070922,0.047113993460595444
20.0,0.22758459260747882,1.4201777705993888,0.052448954779578845
500.0,0.23853440064314196,1.0152198583267036,0.04552640577914663
100.0,0.23853440064314196,1.2050599489614142,0.055534819311100866
20.0,0.23853440064314196,1.452509972885488,0.04426892897649197
500.0,0.250011038261793,1.0007346961917958,0.046836002476788784
100.0,0.250011038261793,1.2027862150270823,0.05632706203628558
20.0,0.250011038261793,1.493614500519403,0.07954666616187818
500.0,0.2620398528858349,0.9830270957086694,0.046308505916712955
100.0,0.2620398528858349,1.2292788466848241,0.051486682192288684
20.0,0.2620398528858349,1.456820409446012,0.044516711644575664
500.0,0.27464741148160526,1.0473351039132142,0.06206977513463469
100.0,0.27464741148160526,1.1849649762627492,0.059971189772486264
20.0,0.27464741148160526,1.4778863682893073,0.04006375450870993
500.0,0.2878615592354568,1.0547277889744184,0.0578845897931511
100.0,0.2878615592354568,1.1717079473145282,0.051392780389421966
20.0,0.2878615592354568,1.5068653765949602,0.033029100804772844
500.0,0.3017114810529294,0.983806159118305,0.0850248896131019
100.0,0.3017114810529294,1.1953751351594784,0.05194316573419257
20.0,0.3017114810529294,1.474946427082513,0.06002983401274215
500.0,0.31622776601683794,0.9755806810167607,0.031185021804569803
100.0,0.31622776601683794,1.2438354737124027,0.04557952332250669
20.0,0.31622776601683794,1.499496054361329,0.04004987601870126
500.0,0.0001,4.253013937229093e-08,0.999997139096372
