tau, beta, Energy Variance after Cyclic Protocol 
10.0,0.1,2.1708225568266932e-10
10.0,0.10476157527896648,2.4048094594429926e-10
10.0,0.10974987654930562,2.68448161336854e-10
10.0,0.11497569953977356,3.021752792615251e-10
10.0,0.12045035402587821,3.431893665869433e-10
10.0,0.12618568830660204,3.9345525181233736e-10
10.0,0.1321941148466029,4.55502416427102e-10
10.0,0.1384886371393873,5.325932655264321e-10
10.0,0.14508287784959398,6.289369471044294e-10
10.0,0.15199110829529336,7.499646919254533e-10
10.0,0.1592282793341092,9.026777703220752e-10
10.0,0.16681005372000587,1.0960868378086042e-09
10.0,0.17475284000076838,1.341766876195974e-09
10.0,0.18307382802953684,1.6545362080050799e-09
10.0,0.19179102616724888,2.0532935680096124e-09
10.0,0.20092330025650468,2.562031021205728e-09
10.0,0.21049041445120203,3.2110245614784857e-09
10.0,0.22051307399030456,4.038248603175903e-09
10.0,0.23101297000831597,5.09094901029995e-09
10.0,0.24201282647943823,6.427422987732365e-09
10.0,0.2535364493970112,8.118879054090433e-09
10.0,0.2656087782946686,1.0251330057282902e-08
10.0,0.2782559402207124,1.2927368447156935e-08
10.0,0.29150530628251764,1.6267601531980286e-08
10.0,0.30538555088334157,2.041154638834925e-08
10.0,0.3199267137797383,2.5517594043755466e-08
10.0,0.3351602650938842,3.176176379529141e-08
10.0,0.35111917342151316,3.933482707366909e-08
10.0,0.3678379771828633,4.8437406643364295e-08
10.0,0.38535285937105296,5.927272256452123e-08
10.0,0.40370172585965547,7.2036536091237e-08
10.0,0.42292428743894983,8.690403056592528e-08
10.0,0.44306214575838804,1.0401325729325627e-07
10.0,0.4641588833612779,1.234445353597279e-07
10.0,0.4862601580065353,1.4519541601673065e-07
10.0,0.509413801481638,1.6915047676832043e-07
10.0,0.533669923120631,1.950454426838655e-07
10.0,0.5590810182512224,2.2242617776137816e-07
10.0,0.5857020818056666,2.5060491318954704e-07
10.0,0.6135907273413173,2.7862109222334955e-07
10.0,0.6428073117284321,3.052224505969e-07
10.0,0.6734150657750821,3.288938545068967e-07
10.0,0.7054802310718643,3.4797445240047677e-07
10.0,0.7390722033525778,3.6090727966013385e-07
10.0,0.7742636826811271,3.6664893110124146e-07
10.0,0.8111308307896871,3.6522449311388345e-07
10.0,0.8497534359086443,3.583754359807158e-07
10.0,0.8902150854450386,3.5027977855977583e-07
10.0,0.9326033468832199,3.4847123807316833e-07
10.0,0.9770099572992252,3.6522211461677353e-07
10.0,1.0235310218990261,4.194541306482278e-07
10.0,1.0722672220103233,5.385303246253782e-07
10.0,1.1233240329780274,7.588110704231524e-07
10.0,1.1768119524349985,1.1251222766074092e-06
10.0,1.2328467394420661,1.69193460693667e-06
10.0,1.2915496650148839,2.528688105061655e-06
10.0,1.353047774579807,3.725409089354991e-06
10.0,1.4174741629268053,5.3920315276027325e-06
10.0,1.484968262254465,7.660684495710395e-06
10.0,1.5556761439304718,1.071953175708215e-05
10.0,1.6297508346206442,1.4871778782826854e-05
10.0,1.7073526474706906,2.0521827905938045e-05
10.0,1.788649529057435,2.799143487050535e-05
10.0,1.8738174228603839,3.727117862783205e-05
10.0,1.9630406500402708,4.8137165728533886e-05
10.0,2.0565123083486516,6.112423514427359e-05
10.0,2.154434690031884,7.886047756543315e-05
10.0,2.25701971963392,0.00010511212304390175
10.0,2.3644894126454075,0.00014141418058619774
10.0,2.4770763559917106,0.00018679205917093142
10.0,2.595024211399736,0.0002465753024845525
10.0,2.718588242732941,0.0003398732917636342
10.0,2.8480358684358014,0.0004558114285236727
10.0,2.9836472402833394,0.0005775699151394225
10.0,3.1257158496882362,0.0007667225131226151
10.0,3.2745491628777286,0.0009811845062160437
10.0,3.4304692863149184,0.0012747358131943239
10.0,3.5938136638046276,0.0015690157816841731
10.0,3.7649358067924683,0.0019236595813368611
10.0,3.944206059437655,0.002416159902664944
10.0,4.132012400115337,0.0028471982558475177
10.0,4.328761281083058,0.003154226800257189
10.0,4.534878508128582,0.0039037379660366873
10.0,4.7508101621027965,0.005154822280514951
10.0,4.977023564332112,0.0058738299562414225
10.0,5.214008287999684,0.006466004723073702
10.0,5.462277217684341,0.007349535486615405
10.0,5.722367659350217,0.007667254788931601
10.0,5.99484250318941,0.00956980908170067
10.0,6.280291441834253,0.009644392355915576
10.0,6.579332246575681,0.009028751671340372
10.0,6.892612104349697,0.010611982153593673
10.0,7.220809018385464,0.012879898810834962
10.0,7.564633275546289,0.01217161356507121
10.0,7.924828983539173,0.014032267979457618
10.0,8.302175681319746,0.015323121265860877
10.0,8.697490026177835,0.016144611489256555
10.0,9.111627561154892,0.02006263549216572
10.0,9.54548456661834,0.022251831772973726
10.0,10.0,0.02456275321255707
100.0,0.1,1.6284870176217023e-17
100.0,0.10476157527896648,1.5126280276939512e-17
100.0,0.10974987654930562,1.2611945182302898e-17
100.0,0.11497569953977356,1.096220610230578e-17
100.0,0.12045035402587821,1.0011215716958144e-17
100.0,0.12618568830660204,9.028597424541913e-18
100.0,0.1321941148466029,9.964504107741455e-18
100.0,0.1384886371393873,1.178886089873283e-17
100.0,0.14508287784959398,1.562953906248589e-17
100.0,0.15199110829529336,2.1191014976831098e-17
100.0,0.1592282793341092,2.692896575645903e-17
100.0,0.16681005372000587,3.490426733595733e-17
100.0,0.17475284000076838,4.2482220402812565e-17
100.0,0.18307382802953684,4.7001250715635474e-17
100.0,0.19179102616724888,4.768861650469783e-17
100.0,0.20092330025650468,4.50808802270668e-17
100.0,0.21049041445120203,3.947693080065178e-17
100.0,0.22051307399030456,3.585860257947319e-17
100.0,0.23101297000831597,3.575690129197343e-17
100.0,0.24201282647943823,4.324689242018473e-17
100.0,0.2535364493970112,5.758342416476931e-17
100.0,0.2656087782946686,7.465064957565829e-17
100.0,0.2782559402207124,9.198559266059264e-17
100.0,0.29150530628251764,1.0046979601647466e-16
100.0,0.30538555088334157,9.384273538190439e-17
100.0,0.3199267137797383,8.435454336517012e-17
100.0,0.3351602650938842,8.425829057712503e-17
100.0,0.35111917342151316,1.0124950858737891e-16
100.0,0.3678379771828633,1.3178345206708626e-16
100.0,0.38535285937105296,1.5726858119406241e-16
100.0,0.40370172585965547,1.6663208985610812e-16
100.0,0.42292428743894983,1.6137473480559216e-16
100.0,0.44306214575838804,1.7016354984912687e-16
100.0,0.4641588833612779,3.03184450851345e-16
100.0,0.4862601580065353,9.254092519178306e-16
100.0,0.509413801481638,3.4875200035611985e-15
100.0,0.533669923120631,1.3603265486808326e-14
100.0,0.5590810182512224,6.344640042057852e-14
100.0,0.5857020818056666,2.470934542447285e-13
100.0,0.6135907273413173,8.940332509353918e-13
100.0,0.6428073117284321,2.956781301686298e-12
100.0,0.6734150657750821,1.270388632222519e-11
100.0,0.7054802310718643,3.3584825209727594e-11
100.0,0.7390722033525778,1.076643221435778e-10
100.0,0.7742636826811271,2.903219701868391e-10
100.0,0.8111308307896871,6.946820994852212e-10
100.0,0.8497534359086443,1.7257837856824964e-09
100.0,0.8902150854450386,4.806803293181411e-09
100.0,0.9326033468832199,1.3273097275028635e-08
100.0,0.9770099572992252,3.0213778745339744e-08
100.0,1.0235310218990261,7.487251391124471e-08
100.0,1.0722672220103233,1.3958867067494477e-07
100.0,1.1233240329780274,2.837871134712815e-07
100.0,1.1768119524349985,3.740344424039925e-07
100.0,1.2328467394420661,9.526633104297487e-07
100.0,1.2915496650148839,1.7711840130192675e-06
100.0,1.353047774579807,3.1341002734338035e-06
100.0,1.4174741629268053,4.386532083299617e-06
100.0,1.484968262254465,6.934077078843056e-06
100.0,1.5556761439304718,1.2193006077697219e-05
100.0,1.6297508346206442,1.4673588682586298e-05
100.0,1.7073526474706906,2.8361087841096764e-05
100.0,1.788649529057435,3.94260962381486e-05
100.0,1.8738174228603839,6.155779761929794e-05
100.0,1.9630406500402708,7.67587172936191e-05
100.0,2.0565123083486516,0.00011907456512083979
100.0,2.154434690031884,0.00016792208257850768
100.0,2.25701971963392,0.0003372272366054299
100.0,2.3644894126454075,0.00037964725903231436
100.0,2.4770763559917106,0.000554953120095058
100.0,2.595024211399736,0.0008645033271064039
100.0,2.718588242732941,0.0011705987608362262
100.0,2.8480358684358014,0.0011140832492789574
100.0,2.9836472402833394,0.0015549470986775155
100.0,3.1257158496882362,0.002098731073175982
100.0,3.2745491628777286,0.0025958299476049836
100.0,3.4304692863149184,0.0034325492120171547
100.0,3.5938136638046276,0.004476065393582518
100.0,3.7649358067924683,0.004868565738648951
100.0,3.944206059437655,0.005409706206904101
100.0,4.132012400115337,0.0060567554418874655
100.0,4.328761281083058,0.007051382582103291
100.0,4.534878508128582,0.008072055374522977
100.0,4.7508101621027965,0.010585963898234615
100.0,4.977023564332112,0.010347330572823256
100.0,5.214008287999684,0.009817754029277965
100.0,5.462277217684341,0.012069157680350807
100.0,5.722367659350217,0.012461965542791748
100.0,5.99484250318941,0.01345272127654527
100.0,6.280291441834253,0.012580719913238458
100.0,6.579332246575681,0.014358332987583192
100.0,6.892612104349697,0.014917625890612797
100.0,7.220809018385464,0.016835972034495206
100.0,7.564633275546289,0.01651385117767747
100.0,7.924828983539173,0.019994242838609025
100.0,8.302175681319746,0.021377747263040685
100.0,8.697490026177835,0.021295273457209808
100.0,9.111627561154892,0.020052913682543243
100.0,9.54548456661834,0.023640046594491246
100.0,10.0,0.021499229307198872
1000.0,0.1,3.7976888848707134e-16
1000.0,0.10476157527896648,3.197151996193902e-16
1000.0,0.10974987654930562,2.871847602505601e-16
1000.0,0.11497569953977356,2.6731733974553527e-16
1000.0,0.12045035402587821,2.5935357306998835e-16
1000.0,0.12618568830660204,2.459444647122165e-16
1000.0,0.1321941148466029,2.4641706174435014e-16
1000.0,0.1384886371393873,2.539837606077731e-16
1000.0,0.14508287784959398,2.3730357978399635e-16
1000.0,0.15199110829529336,2.1067061185712897e-16
1000.0,0.1592282793341092,2.33901441643201e-16
1000.0,0.16681005372000587,2.3913504953014126e-16
1000.0,0.17475284000076838,2.4691109253874786e-16
1000.0,0.18307382802953684,2.80121735542802e-16
1000.0,0.19179102616724888,3.450137810729287e-16
1000.0,0.20092330025650468,2.9007635048956805e-16
1000.0,0.21049041445120203,2.630845881123036e-16
1000.0,0.22051307399030456,2.968796154876298e-16
1000.0,0.23101297000831597,3.0425609357287795e-16
1000.0,0.24201282647943823,3.484517325707249e-16
1000.0,0.2535364493970112,3.298264165591777e-16
1000.0,0.2656087782946686,3.614159613309169e-16
1000.0,0.2782559402207124,3.7229749565695253e-16
1000.0,0.29150530628251764,3.8735615005061593e-16
1000.0,0.30538555088334157,4.0549630856625197e-16
1000.0,0.3199267137797383,4.1873423801014114e-16
1000.0,0.3351602650938842,3.792388705626647e-16
1000.0,0.35111917342151316,3.635122956215685e-16
1000.0,0.3678379771828633,4.4256831708678797e-16
1000.0,0.38535285937105296,5.033432862766639e-16
1000.0,0.40370172585965547,5.635386088345262e-16
1000.0,0.42292428743894983,6.183040677034832e-16
1000.0,0.44306214575838804,6.302495475482791e-16
1000.0,0.4641588833612779,1.6135353106620825e-15
1000.0,0.4862601580065353,5.571502347538636e-15
1000.0,0.509413801481638,2.1261862008352404e-14
1000.0,0.533669923120631,1.1846820737411177e-13
1000.0,0.5590810182512224,5.40393466017651e-13
1000.0,0.5857020818056666,2.175783143988999e-12
1000.0,0.6135907273413173,1.1165965330237021e-11
1000.0,0.6428073117284321,2.920565867963244e-11
1000.0,0.6734150657750821,7.433074485400086e-11
1000.0,0.7054802310718643,3.269962166840345e-10
1000.0,0.7390722033525778,1.3784787123781701e-09
1000.0,0.7742636826811271,2.8135968852366915e-09
1000.0,0.8111308307896871,6.041726639829756e-09
1000.0,0.8497534359086443,1.2149849198083369e-08
1000.0,0.8902150854450386,3.631026447178496e-08
1000.0,0.9326033468832199,5.858744516062051e-08
1000.0,0.9770099572992252,7.73319436394453e-08
1000.0,1.0235310218990261,2.4167251949478127e-07
1000.0,1.0722672220103233,4.285261792701619e-07
1000.0,1.1233240329780274,5.283735400880408e-07
1000.0,1.1768119524349985,1.189226032009865e-06
1000.0,1.2328467394420661,1.81814776325698e-06
1000.0,1.2915496650148839,2.8912884605814456e-06
1000.0,1.353047774579807,4.944627087219159e-06
1000.0,1.4174741629268053,7.940930197458536e-06
1000.0,1.484968262254465,1.5074601266436137e-05
1000.0,1.5556761439304718,2.1640240921698233e-05
1000.0,1.6297508346206442,3.6866401636758325e-05
1000.0,1.7073526474706906,6.276265486059185e-05
1000.0,1.788649529057435,9.97805755873014e-05
1000.0,1.8738174228603839,0.00015506173570061397
1000.0,1.9630406500402708,0.00029880657269705095
1000.0,2.0565123083486516,0.0003967035248415071
1000.0,2.154434690031884,0.0005549162472202081
1000.0,2.25701971963392,0.0008451412706585491
1000.0,2.3644894126454075,0.0009558184751666842
1000.0,2.4770763559917106,0.0015134290594350825
1000.0,2.595024211399736,0.0016840207616886
1000.0,2.718588242732941,0.002388217316237711
1000.0,2.8480358684358014,0.003192489513705634
1000.0,2.9836472402833394,0.003114838213296358
1000.0,3.1257158496882362,0.0040677791735591684
1000.0,3.2745491628777286,0.0046585987469344265
1000.0,3.4304692863149184,0.004865094952703048
1000.0,3.5938136638046276,0.0059062595512683405
1000.0,3.7649358067924683,0.006333701170365152
1000.0,3.944206059437655,0.007232747153441863
1000.0,4.132012400115337,0.008631202172362889
1000.0,4.328761281083058,0.009147579218934634
1000.0,4.534878508128582,0.009350580174981851
1000.0,4.7508101621027965,0.010317277177428396
1000.0,4.977023564332112,0.011446938316132915
1000.0,5.214008287999684,0.01136159197639112
1000.0,5.462277217684341,0.011138942925733284
1000.0,5.722367659350217,0.01178140423192997
1000.0,5.99484250318941,0.013384088350434614
1000.0,6.280291441834253,0.012549818999009513
1000.0,6.579332246575681,0.01381078212342049
1000.0,6.892612104349697,0.01294399511918852
1000.0,7.220809018385464,0.014306810376089737
1000.0,7.564633275546289,0.013156365702958146
1000.0,7.924828983539173,0.014514016428916518
1000.0,8.302175681319746,0.013556620199511779
1000.0,8.697490026177835,0.013452197716522002
1000.0,9.111627561154892,0.015260642882982501
1000.0,9.54548456661834,0.014222686252261113
1000.0,10.0,0.014429179161882803
10000.0,0.1,3.8042694599368276e-14
10000.0,0.10476157527896648,3.214701893035396e-14
10000.0,0.10974987654930562,2.915069243105439e-14
10000.0,0.11497569953977356,2.7103516549190864e-14
10000.0,0.12045035402587821,2.5913914582624277e-14
10000.0,0.12618568830660204,2.4767043685997492e-14
10000.0,0.1321941148466029,2.4803819977893264e-14
10000.0,0.1384886371393873,2.52236903789234e-14
10000.0,0.14508287784959398,2.3612493133943466e-14
10000.0,0.15199110829529336,2.0349939146118485e-14
10000.0,0.1592282793341092,2.3559201398315067e-14
10000.0,0.16681005372000587,2.4049848089212284e-14
10000.0,0.17475284000076838,2.5086287251259276e-14
10000.0,0.18307382802953684,2.851495102163913e-14
10000.0,0.19179102616724888,3.4768440213516106e-14
10000.0,0.20092330025650468,2.918400139575492e-14
10000.0,0.21049041445120203,2.6317482074333572e-14
10000.0,0.22051307399030456,2.983827334590682e-14
10000.0,0.23101297000831597,3.1004733279084126e-14
10000.0,0.24201282647943823,3.551854677166208e-14
10000.0,0.2535364493970112,3.3461658143031894e-14
10000.0,0.2656087782946686,3.6796527268944864e-14
10000.0,0.2782559402207124,3.7598390627462077e-14
10000.0,0.29150530628251764,3.94221708619342e-14
10000.0,0.30538555088334157,4.0965956910788847e-14
10000.0,0.3199267137797383,4.2297349521360796e-14
10000.0,0.3351602650938842,3.785119341737424e-14
10000.0,0.35111917342151316,3.648489357892385e-14
10000.0,0.3678379771828633,4.501998268676285e-14
10000.0,0.38535285937105296,5.0919818027778563e-14
10000.0,0.40370172585965547,5.756426043248958e-14
10000.0,0.42292428743894983,5.961046745401013e-14
10000.0,0.44306214575838804,4.933446082233975e-14
10000.0,0.4641588833612779,6.450619746820141e-14
10000.0,0.4862601580065353,1.0680779826799934e-13
10000.0,0.509413801481638,4.669319677733072e-13
10000.0,0.533669923120631,1.381487089509651e-12
10000.0,0.5590810182512224,6.047334967044307e-12
10000.0,0.5857020818056666,7.60005836436555e-12
10000.0,0.6135907273413173,9.168111718683494e-11
10000.0,0.6428073117284321,2.400009428647876e-10
10000.0,0.6734150657750821,5.592649143408068e-10
10000.0,0.7054802310718643,1.3318494064009621e-09
10000.0,0.7390722033525778,4.794747505549742e-09
10000.0,0.7742636826811271,8.450876869241163e-09
10000.0,0.8111308307896871,1.826458700404906e-08
10000.0,0.8497534359086443,3.106227849886282e-08
10000.0,0.8902150854450386,4.4266039772167004e-08
10000.0,0.9326033468832199,7.904943881672841e-08
10000.0,0.9770099572992252,1.3795295349937508e-07
10000.0,1.0235310218990261,2.5627137827569723e-07
10000.0,1.0722672220103233,3.962914530968019e-07
10000.0,1.1233240329780274,8.701038175070739e-07
10000.0,1.1768119524349985,1.7358855047974158e-06
10000.0,1.2328467394420661,2.720845988585139e-06
10000.0,1.2915496650148839,7.3562029166124895e-06
10000.0,1.353047774579807,8.493278583764726e-06
10000.0,1.4174741629268053,1.6977807784190016e-05
10000.0,1.484968262254465,3.418869133402175e-05
10000.0,1.5556761439304718,6.150294317250828e-05
10000.0,1.6297508346206442,9.338573422033252e-05
10000.0,1.7073526474706906,0.00017718539372369544
10000.0,1.788649529057435,0.0002808052721912022
10000.0,1.8738174228603839,0.0004094908889048341
10000.0,1.9630406500402708,0.00044091725011218344
10000.0,2.0565123083486516,0.0007493551513585105
10000.0,2.154434690031884,0.0009631118738552551
10000.0,2.25701971963392,0.001406225063444922
10000.0,2.3644894126454075,0.002081998865606855
10000.0,2.4770763559917106,0.0021061879100689298
10000.0,2.595024211399736,0.0027143538211300004
10000.0,2.718588242732941,0.003227629198071959
10000.0,2.8480358684358014,0.003316414418094068
10000.0,2.9836472402833394,0.004253672571422844
10000.0,3.1257158496882362,0.004484381509687146
10000.0,3.2745491628777286,0.005653983503060652
10000.0,3.4304692863149184,0.005908291944234045
10000.0,3.5938136638046276,0.006226109558903533
10000.0,3.7649358067924683,0.006226662581327909
10000.0,3.944206059437655,0.006270637721751592
10000.0,4.132012400115337,0.007702645947828749
10000.0,4.328761281083058,0.009118722381996637
10000.0,4.534878508128582,0.009257076189525997
10000.0,4.7508101621027965,0.009642918114073739
10000.0,4.977023564332112,0.009134585984014296
10000.0,5.214008287999684,0.010950193517569071
10000.0,5.462277217684341,0.01042511743829798
10000.0,5.722367659350217,0.010803623405773224
10000.0,5.99484250318941,0.010380663237805694
10000.0,6.280291441834253,0.009801281450321957
10000.0,6.579332246575681,0.010865533519481224
10000.0,6.892612104349697,0.011453416811650642
10000.0,7.220809018385464,0.011069311276743432
10000.0,7.564633275546289,0.012751127457799508
10000.0,7.924828983539173,0.011755177703001688
10000.0,8.302175681319746,0.011652887542110921
10000.0,8.697490026177835,0.01280432681595913
10000.0,9.111627561154892,0.011397310901271792
10000.0,9.54548456661834,0.01095083707756693
10000.0,10.0,0.012076597499298122
