0.010000000000000002,[0.0033295601243492016, 0.003329559512196489, 0.005057928633209055]
0.010974987654930561,[0.003329743158144411, 0.0033297425339115544, 0.004868125241814086]
0.012045035402587823,[0.003329919833659103, 0.0033299192058979456, 0.005011027203410047]
0.013219411484660288,[0.003330095465894382, 0.003330094844471404, 0.005150607189564318]
0.014508287784959394,[0.003330302478855627, 0.0033303018620379236, 0.005049813641345868]
0.015922827933410922,[0.0033305354960705327, 0.003330534872534226, 0.004982719770638434]
0.01747528400007684,[0.0033307845282032037, 0.003330783909065972, 0.0050002410446961885]
0.02104904144512021,[0.00333133874615135, 0.0033313381244849984, 0.004854370404663623]
0.023101297000831605,[0.0033316113013499207, 0.0033316106827720846, 0.0050034774879165475]
0.025353644939701114,[0.003331915194970415, 0.00333191458240127, 0.00508027090175572]
0.027825594022071243,[0.0033322390579599488, 0.0033322384374714527, 0.004998070889398369]
0.030538555088334154,[0.0033326260794047974, 0.0033326254584545496, 0.005054261676558375]
0.033516026509388425,[0.0033329495039600625, 0.0033329488771381964, 0.0049304960632975525]
0.03678379771828634,[0.0033333106037094925, 0.0033333099941765414, 0.005028582247527193]
0.040370172585965536,[0.0033337246466791383, 0.003333724032108138, 0.005044249098791398]
0.044306214575838825,[0.0033340915985893157, 0.003334090986055845, 0.004946524136324893]
0.04862601580065353,[0.0033344805395540866, 0.0033344799212750614, 0.005049476862394611]
0.0533669923120631,[0.003334844974783288, 0.0033348443575655826, 0.005118882285281369]
0.05857020818056667,[0.0033351725515698605, 0.003335171923860762, 0.005119618003118163]
0.06428073117284322,[0.0033354375731155985, 0.003335436948409032, 0.005039571648815867]
0.07054802310718646,[0.0033356318701771226, 0.003335631241758683, 0.0049739006035996874]
0.0774263682681127,[0.0033358011287192187, 0.0033358005094631634, 0.0050373133522568034]
0.08497534359086446,[0.0033357757574459697, 0.0033357751357701074, 0.005034383219715412]
0.093260334688322,[0.003335578348741109, 0.0033355777318499337, 0.005082807958421333]
0.10235310218990264,[0.003335161026472876, 0.003335160412709152, 0.005127086097269232]
0.11233240329780277,[0.0033344559025755274, 0.0033344552816349034, 0.005037571432302605]
0.12328467394420665,[0.003333375673308026, 0.0033333750440332076, 0.004898705043361602]
0.13530477745798075,[0.003331780766445095, 0.0033317801371765686, 0.004944787014837502]
0.1484968262254465,[0.0033295962950316478, 0.0033295956716107556, 0.0050854956874421525]
0.1788649529057435,[0.003322730029987587, 0.0033227294070815715, 0.004955329124018511]
0.19630406500402714,[0.0033176337866131847, 0.0033176331608106963, 0.004839329398132684]
0.21544346900318845,[0.0033110783101787176, 0.003311077685524657, 0.004824155445293799]
0.23644894126454083,[0.0033027845687408257, 0.0033027839431832, 0.004967919383786904]
0.25950242113997374,[0.003292354171361098, 0.0032923535479986586, 0.004905918471077971]
0.2848035868435802,[0.003279458849591904, 0.0032794582239299673, 0.0048415304685448845]
0.3125715849688237,[0.0032636470047360134, 0.0032636463840900196, 0.00473678023098271]
0.34304692863149194,[0.0032444405577930395, 0.003244439930922294, 0.0047500879214954295]
0.37649358067924693,[0.003221528559506988, 0.003221527942565874, 0.004851076214488429]
0.41320124001153385,[0.003194426993264991, 0.0031944263851128914, 0.004796022044868184]
0.4534878508128585,[0.003162854013749848, 0.003162853407655378, 0.004755720674321043]
0.49770235643321115,[0.0031264963361775757, 0.003126495733337558, 0.004680795608336916]
0.5462277217684343,[0.003085120575232583, 0.003085119979810323, 0.004509480272470675]
0.5994842503189411,[0.0030383241847740682, 0.003038323597845194, 0.004607482734142719]
0.6579332246575682,[0.002985526474866862, 0.0029855258946017565, 0.004341829128625933]
0.7220809018385468,[0.0029255967952035267, 0.0029255962169246483, 0.004365105479215087]
0.7924828983539177,[0.0028571287975175737, 0.002857128227829754, 0.004156001886236814]
0.8697490026177834,[0.002778330983144514, 0.002778330418938322, 0.004099555220258668]
0.9545484566618342,[0.002687931710215814, 0.002687931164301468, 0.0039860772255574575]
1.0476157527896652,[0.002585748663475728, 0.0025857481342654726, 0.003846149066222036]
1.149756995397737,[0.0024732920148625827, 0.002473291482912868, 0.0034955134189197305]
1.261856883066021,[0.0023533084522774834, 0.0023533079399621765, 0.0034018281668165757]
1.384886371393873,[0.002228633776300868, 0.0022286332782710614, 0.0032027439481250365]
1.5199110829529348,[0.0021009677218062216, 0.002100967238977479, 0.0030803815645660403]
1.6681005372000592,[0.0019705775492536264, 0.0019705770691522077, 0.0027628610229323575]
1.8307382802953698,[0.0018371990802719797, 0.0018371986211873196, 0.0026273125177264894]
2.0092330025650478,[0.0017012760351296993, 0.001701275586281512, 0.002474394761079732]
2.2051307399030455,[0.0015648027548378937, 0.0015648023178402406, 0.0021208981542179635]
2.4201282647943834,[0.0014318359926841467, 0.0014318355700608792, 0.001984875749634829]
2.656087782946687,[0.001308469577946023, 0.0013084691734047689, 0.0017779698039837798]
2.9150530628251787,[0.0012017695481074508, 0.0012017691538400471, 0.0016897128427109775]
3.1992671377973845,[0.0011174259888651048, 0.0011174256027894614, 0.001506456419478505]
3.5111917342151346,[0.0010566652040481161, 0.0010566648245992334, 0.0014253030425064918]
3.8535285937105312,[0.0010161372202579463, 0.0010161368481468004, 0.0013623649544302777]
4.229242874389499,[0.0009900795318773853, 0.0009900791710719544, 0.001326264821704837]
4.641588833612782,[0.0009724367513659187, 0.0009724363958553835, 0.0013169213340662094]
5.09413801481638,[0.0009587189847755534, 0.0009587186271990937, 0.0012351716763266954]
5.590810182512229,[0.0009460651197064195, 0.0009460647687379248, 0.0012359158162683125]
6.135907273413176,[0.0009331538658301848, 0.0009331535270888688, 0.001212347371575586]
6.7341506577508286,[0.0009192688398944619, 0.0009192684917800013, 0.0012095432553982232]
7.390722033525782,[0.0009044402518040238, 0.0009044399063292543, 0.0011481036659953027]
8.111308307896872,[0.0008882087485537275, 0.000888208411814637, 0.00116824903138061]
8.902150854450392,[0.0008712211761185545, 0.0008712208414084212, 0.0011148126007752444]
9.770099572992256,[0.0008541483832162093, 0.0008541480558780835, 0.0010982264248090155]
10.722672220103243,[0.0008373450171609841, 0.0008373447025753661, 0.001082710607769383]
11.768119524349991,[0.0008215382689351113, 0.0008215379421779957, 0.0010126280310953392]
12.91549665014884,[0.0008065031617587189, 0.0008065028464698443, 0.001017140113372603]
14.174741629268063,[0.0007893976329678216, 0.000789397322362099, 0.0010247972287920316]
15.556761439304722,[0.000773031996957681, 0.0007730316905889015, 0.0009784697818279895]
17.07352647470692,[0.0007534888013840638, 0.000753488494592129, 0.000934636430911842]
18.73817422860385,[0.0007346281329688197, 0.0007346278311694865, 0.0009099780778480799]
20.565123083486537,[0.0007165720586967982, 0.0007165717619429728, 0.0009051795810472308]
22.570197196339215,[0.0006970291865931624, 0.000697028894709446, 0.0008912493631009136]
24.770763559917114,[0.0006812689424576879, 0.0006812686454194587, 0.000814856964450263]
27.185882427329428,[0.0006607977674775295, 0.0006607974815214045, 0.0008435333310576521]
29.836472402833405,[0.0006470991236095727, 0.0006470988411871985, 0.0007794349263821271]
32.745491628777316,[0.0006246409911220119, 0.0006246407194120966, 0.0007663681034722375]
35.938136638046295,[0.0006077406699619529, 0.0006077404039566385, 0.0007568617816070622]
39.4420605943766,[0.0005928824424499989, 0.0005928821781392403, 0.0007387109718330895]
43.287612810830616,[0.0005743788514768697, 0.0005743785902245049, 0.0007123978797520715]
47.50810162102798,[0.0005670238765745684, 0.0005670236277574925, 0.0007032008340856424]
52.140082879996896,[0.0005578228635784267, 0.000557822618047166, 0.000677998453617551]
57.2236765935022,[0.0005319980990187139, 0.0005319978552256564, 0.0006569789349404387]
62.802914418342596,[0.0005200227239974822, 0.0005200224970522612, 0.0006627840826660955]
75.64633275546291,[0.0005096004008445984, 0.0005096001691526906, 0.0006330429749795835]
83.02175681319753,[0.0005030581759034985, 0.0005030579506868409, 0.0006340207676149655]
91.11627561154896,[0.0004950869603740694, 0.0004950867382600738, 0.0005908799556907339]
100.0,[0.0004801120470487943, 0.0004801118295996995, 0.0005829636170474017]
