0.010000000000000002,[0.001347822763640222, 0.0013478223444813966, 0.0018686296456621]
0.010974987654930561,[0.0013479074211942192, 0.001347907008518498, 0.0019156813123500475]
0.012045035402587823,[0.001348001501956343, 0.0013480010902356674, 0.0018934862151471436]
0.013219411484660288,[0.0013481126117255275, 0.0013481121917093952, 0.0018355902852144003]
0.014508287784959394,[0.0013482275325246314, 0.0013482271195480117, 0.001917610712285694]
0.015922827933410922,[0.0013483482534353344, 0.001348347829322371, 0.0018671193955444646]
0.01747528400007684,[0.0013484821043478815, 0.0013484816855102346, 0.0018971034599008548]
0.019179102616724886,[0.0013486230814617043, 0.0013486226595002774, 0.0018419857325631729]
0.02104904144512021,[0.0013487734667619164, 0.001348773043551037, 0.0018121340738605082]
0.023101297000831605,[0.0013489409773458482, 0.0013489405577524526, 0.0018686383051096879]
0.025353644939701114,[0.0013491137397255706, 0.0013491133232706848, 0.001857980004589712]
0.027825594022071243,[0.001349302469788374, 0.0013493020493547017, 0.0018589760613876142]
0.030538555088334154,[0.0013494988524224312, 0.0013494984311506614, 0.0018886429394215827]
0.033516026509388425,[0.0013497039175111173, 0.0013497034998190586, 0.0018685600986280088]
0.03678379771828634,[0.0013499214880802715, 0.0013499210692435655, 0.00192877983485298]
0.040370172585965536,[0.0013501499804138286, 0.0013501495563173634, 0.0018551775076944166]
0.044306214575838825,[0.0013503814084317226, 0.0013503809872663078, 0.0018951948523653745]
0.04862601580065353,[0.0013506193505004275, 0.0013506189271595085, 0.001794886844793108]
0.0533669923120631,[0.0013508530400612611, 0.0013508526194087455, 0.0018291669182486678]
0.05857020818056667,[0.0013510897193509768, 0.0013510892966054097, 0.0018563778065439104]
0.06428073117284322,[0.0013513103974769438, 0.0013513099744235533, 0.0019125670182629166]
0.07054802310718646,[0.001351507457818124, 0.0013515070363716917, 0.0018301221379932197]
0.0774263682681127,[0.0013516827724715155, 0.0013516823468758554, 0.0018459396971976683]
0.08497534359086446,[0.0013518137519530585, 0.001351813326713451, 0.0018977275227511623]
0.093260334688322,[0.001351886208582115, 0.0013518857823061855, 0.0018346064981439858]
0.10235310218990264,[0.001351859026083775, 0.0013518585991052563, 0.0018337099949668643]
0.11233240329780277,[0.001351747904574262, 0.0013517474786708863, 0.001891860258510307]
0.12328467394420665,[0.0013514883886592884, 0.0013514879625103704, 0.0017893973358919398]
0.13530477745798075,[0.0013510500605351083, 0.0013510496402156145, 0.0018878614234397642]
0.1484968262254465,[0.001350373803494731, 0.0013503733840750265, 0.00186723261582313]
0.16297508346206444,[0.0013494061861418127, 0.001349405770247792, 0.0018807937559221577]
0.1788649529057435,[0.0013480571251628742, 0.0013480567004223907, 0.0018953783441129268]
0.19630406500402714,[0.0013462354360950753, 0.0013462350185133101, 0.0018591222785375675]
0.21544346900318845,[0.0013438115630572019, 0.0013438111426251657, 0.0018383148753493429]
0.23644894126454083,[0.001340637536075238, 0.0013406371206831416, 0.001815764365832561]
0.25950242113997374,[0.001336517743601, 0.0013365173263385991, 0.001834889465179484]
0.2848035868435802,[0.0013312537261701174, 0.0013312533077123468, 0.00181469219880658]
0.3125715849688237,[0.001324626127138367, 0.0013246257081698917, 0.0018242390462934503]
0.34304692863149194,[0.0013164219161837238, 0.0013164215053895166, 0.001767887091823743]
0.37649358067924693,[0.0013065194679341505, 0.0013065190544643563, 0.0017803711758348586]
0.41320124001153385,[0.001294894296891147, 0.0012948938887423734, 0.001769704441052125]
0.4534878508128585,[0.0012817772677470882, 0.0012817768579895922, 0.0017245764729264695]
0.49770235643321115,[0.0012675920089587562, 0.0012675916052666402, 0.001714932587508126]
0.5462277217684343,[0.0012529833215347654, 0.00125298291900034, 0.0017128289423573174]
0.5994842503189411,[0.0012386319834777754, 0.0012386315838568765, 0.00166811155488941]
0.6579332246575682,[0.0012250714635116523, 0.0012250710646631452, 0.0016216515631644857]
0.7220809018385468,[0.0012125224304476408, 0.0012125220345446605, 0.001651984138453943]
0.7924828983539177,[0.0012008152823199036, 0.0012008148891481916, 0.0016494845842086134]
0.8697490026177834,[0.00118956147752897, 0.0011895610789092604, 0.001624699239764291]
0.9545484566618342,[0.0011783169569748156, 0.001178316556552299, 0.0015833153147876498]
1.0476157527896652,[0.0011667455965998987, 0.0011667452033741223, 0.0015727561384726767]
1.149756995397737,[0.0011547032063932824, 0.001154702806863838, 0.0015149284073450507]
1.261856883066021,[0.0011420880087183423, 0.0011420876098341616, 0.0014811902157673637]
1.384886371393873,[0.0011285512699840353, 0.0011285508772183402, 0.0015309868648661381]
1.5199110829529348,[0.00111361732296504, 0.001113616932679296, 0.0015156925205295595]
1.8307382802953698,[0.0010797831419656649, 0.0010797827589602697, 0.0014630340353637024]
2.0092330025650478,[0.0010619271845276877, 0.0010619268046915195, 0.0014775738794667343]
2.2051307399030455,[0.0010443217784546223, 0.001044321392221689, 0.0013785596823947873]
2.4201282647943834,[0.0010274276159444565, 0.0010274272287351266, 0.0013857571231307231]
2.656087782946687,[0.001011531310883818, 0.001011530933564715, 0.001320332971847475]
2.9150530628251787,[0.000997203308538051, 0.0009972029412200155, 0.0013192976845296481]
3.1992671377973845,[0.0009847016704758, 0.0009847013033091193, 0.0013038878030071702]
3.5111917342151346,[0.0009741142656530771, 0.0009741138925547002, 0.0012430539053298257]
3.8535285937105312,[0.0009651950956934481, 0.0009651947372602461, 0.0012929458546795352]
4.229242874389499,[0.0009573040942486972, 0.0009573037397691693, 0.0012359015069606319]
4.641588833612782,[0.0009496351935345009, 0.0009496348393896734, 0.0012766197000977791]
5.09413801481638,[0.0009414040736343786, 0.0009414037159279993, 0.0012172931127440237]
5.590810182512229,[0.0009321916500082885, 0.000932191307524104, 0.001237257144590477]
6.135907273413176,[0.000921745579963751, 0.0009217452394491794, 0.001208827587553191]
6.7341506577508286,[0.0009097523490874354, 0.0009097519994268077, 0.0011833277755570468]
7.390722033525782,[0.0008963622230754153, 0.0008963618806925425, 0.0011482694711979508]
8.111308307896872,[0.0008813527087221226, 0.0008813523687807194, 0.001091395415388265]
8.902150854450392,[0.000865587602869874, 0.000865587267707835, 0.0011183071531032911]
9.770099572992256,[0.0008493100557672212, 0.0008493097268298399, 0.0010788770030232505]
10.722672220103243,[0.0008332951819784256, 0.0008332948690401366, 0.001079320894406473]
11.768119524349991,[0.0008180392356182697, 0.0008180389159995349, 0.0010508238110232603]
12.91549665014884,[0.0008035315384589073, 0.0008035312191139537, 0.0009788731761967528]
14.174741629268063,[0.0007868147358310123, 0.0007868144299520886, 0.0009998743133624885]
15.556761439304722,[0.0007706256475620114, 0.0007706253437900503, 0.0010008141713899194]
17.07352647470692,[0.000751283231822846, 0.0007512829253175021, 0.0009148729683119513]
18.73817422860385,[0.0007332452964343222, 0.0007332449982199718, 0.0009092601247085456]
20.565123083486537,[0.0007153947420211104, 0.0007153944487933938, 0.0009112734497796127]
22.570197196339215,[0.0006961347982022121, 0.0006961345059870798, 0.0008672088382820907]
24.770763559917114,[0.000680720654849682, 0.0006807203581871879, 0.0008399459937764053]
27.185882427329428,[0.0006608074531411529, 0.0006608071636605292, 0.0008167442823158754]
29.836472402833405,[0.0006466542719477405, 0.0006466539892626299, 0.0008062220477461947]
32.745491628777316,[0.0006252421183680068, 0.0006252418446893739, 0.0007613024704305088]
35.938136638046295,[0.0006078289727489019, 0.0006078287057483381, 0.0007310686471175555]
39.4420605943766,[0.0005926184860542163, 0.0005926182193860275, 0.0007516828072936021]
43.287612810830616,[0.0005764059512112837, 0.00057640568380604, 0.0007008995654749592]
47.50810162102798,[0.0005621855397698317, 0.0005621852904408658, 0.0006585618304348505]
52.140082879996896,[0.0005575909247418667, 0.0005575906740604602, 0.0006848602905001946]
57.2236765935022,[0.0005344114770404378, 0.0005344112356105448, 0.0006603811091671943]
62.802914418342596,[0.0005181274257038072, 0.0005181271958971777, 0.0006535706691866369]
68.92612104349702,[0.0005118360816516923, 0.000511835848952212, 0.000625774858564111]
75.64633275546291,[0.0005173783064777758, 0.0005173780713939885, 0.0006269507272432485]
83.02175681319753,[0.0004978587854143416, 0.0004978585574558971, 0.0006245041993919851]
91.11627561154896,[0.0004955982331582972, 0.0004955980170278624, 0.0006137887289576733]
100.0,[0.00047014131694651464, 0.00047014111684361615, 0.0005777284754787381]
