0.010000000000000002,[0.0019832180616226134, 0.0019832175777834745, 0.002891385195158193]
0.010974987654930561,[0.0019830553047820313, 0.0019830548182970054, 0.002922497083407138]
0.013219411484660288,[0.0019826663971574594, 0.0019826659114969033, 0.0028603839208835267]
0.014508287784959394,[0.0019824482486087832, 0.001982447760769912, 0.0029538076179441166]
0.015922827933410922,[0.0019821907311329055, 0.001982190245122529, 0.002938914173335635]
0.01747528400007684,[0.0019819035631821794, 0.0019819030735063487, 0.0029443035816031724]
0.019179102616724886,[0.0019815838477138218, 0.0019815833547398025, 0.00282474357637739]
0.02104904144512021,[0.001981237709658808, 0.0019812372175727964, 0.0028107102849199046]
0.023101297000831605,[0.001980829509147213, 0.001980829022148452, 0.0028439810008409603]
0.025353644939701114,[0.001980386451481733, 0.0019803859617045817, 0.0028751234937609976]
0.030538555088334154,[0.0019793012735105733, 0.001979300784682209, 0.002741591739681553]
0.033516026509388425,[0.001978686916509922, 0.0019786864305942945, 0.002790609503804525]
0.03678379771828634,[0.0019779549301696267, 0.0019779544476951705, 0.0028365936746450908]
0.040370172585965536,[0.0019771352981986495, 0.0019771348178663217, 0.002802199249609814]
0.044306214575838825,[0.0019762251801102165, 0.001976224695739131, 0.0028620048454176357]
0.04862601580065353,[0.00197516951722864, 0.0019751690314232665, 0.0028021021531881808]
0.0533669923120631,[0.001974004168255601, 0.001974003687109645, 0.0028454307737290747]
0.05857020818056667,[0.0019726739083022185, 0.0019726734234642874, 0.002818758088127732]
0.06428073117284322,[0.001971162645368482, 0.0019711621590311566, 0.0028901467207602073]
0.07054802310718646,[0.0019694571836136564, 0.0019694567029339355, 0.0028290725472143985]
0.0774263682681127,[0.001967527016831327, 0.00196752653783223, 0.002825983211864328]
0.08497534359086446,[0.0019653496909386443, 0.001965349209919059, 0.002813836000631785]
0.093260334688322,[0.0019628682758067503, 0.001962867792569775, 0.002855528987486217]
0.10235310218990264,[0.001960096696381771, 0.0019600962161812475, 0.0028116742779864803]
0.11233240329780277,[0.001956956757234223, 0.0019569562876274706, 0.0028382014571211745]
0.12328467394420665,[0.001953440748230408, 0.001953440275632836, 0.0027801039131905595]
0.13530477745798075,[0.001949484614564545, 0.001949484148414636, 0.00275320541767076]
0.1484968262254465,[0.0019450922157474395, 0.0019450917469123982, 0.0027861008187023343]
0.16297508346206444,[0.0019401951391224874, 0.001940194670108213, 0.0028090263557984906]
0.1788649529057435,[0.0019347665938252508, 0.0019347661302270374, 0.0028279906560735365]
0.19630406500402714,[0.0019287922136164784, 0.001928791747103523, 0.002773469315101448]
0.21544346900318845,[0.0019222338616162583, 0.0019222333965974163, 0.0027923821385989873]
0.23644894126454083,[0.0019150414275674297, 0.0019150409694706344, 0.0027868455115492023]
0.25950242113997374,[0.0019071485198318857, 0.0019071480623287199, 0.002839703083441269]
0.2848035868435802,[0.0018984301119546684, 0.0018984296503688721, 0.0027226951706432957]
0.3125715849688237,[0.001888769296913957, 0.001888768832391508, 0.0027439885771030213]
0.34304692863149194,[0.001877915654730296, 0.0018779151942787103, 0.002757307959090813]
0.37649358067924693,[0.001865509713885641, 0.0018655092596402125, 0.0026748092873967316]
0.41320124001153385,[0.001851114063132984, 0.0018511136015304211, 0.002709650972230924]
0.4534878508128585,[0.0018341664835718763, 0.001834166022390636, 0.0025594328034204803]
0.49770235643321115,[0.0018140460776518929, 0.001814045620996866, 0.002537148397047029]
0.5462277217684343,[0.0017901371087251261, 0.0017901366564534837, 0.0025398687731997163]
0.5994842503189411,[0.0017619223430193965, 0.001761921891217059, 0.0025965557535668703]
0.6579332246575682,[0.0017291249559739162, 0.001729124503240774, 0.0024236490857399255]
0.7220809018385468,[0.001691938780491045, 0.0016919383370339982, 0.002371766156438491]
0.7924828983539177,[0.001651180965877833, 0.0016511805208311232, 0.0023054989091163087]
0.8697490026177834,[0.0016081587143717839, 0.001608158273356267, 0.00229351676875762]
0.9545484566618342,[0.0015644928975491602, 0.0015644924707711942, 0.0022521285127112193]
1.0476157527896652,[0.0015215200732190185, 0.0015215196410877088, 0.00212884359401137]
1.149756995397737,[0.0014798441654828188, 0.0014798437451896253, 0.0021085441495945706]
1.261856883066021,[0.0014390859589452228, 0.0014390855411103168, 0.0020023944028329773]
1.384886371393873,[0.0013981969303422245, 0.0013981965113938457, 0.001960954477359005]
1.5199110829529348,[0.0013561496611693544, 0.0013561492440814144, 0.0019144081003556824]
1.6681005372000592,[0.0013123288537904747, 0.0013123284434939171, 0.0018392723225398985]
1.8307382802953698,[0.0012667157319766254, 0.001266715322229388, 0.0016904744458733848]
2.0092330025650478,[0.0012201620194136958, 0.0012201616195185896, 0.0016811754049831863]
2.2051307399030455,[0.0011741053919568753, 0.0011741050001066408, 0.001628357962032209]
2.4201282647943834,[0.0011297785856772607, 0.0011297781930788375, 0.0015896376579725407]
2.656087782946687,[0.001088411148958752, 0.0010884107639999136, 0.0014516379247893104]
2.9150530628251787,[0.0010519699977372147, 0.0010519696192135763, 0.0013985404916598738]
3.1992671377973845,[0.0010221388522351584, 0.0010221384784224853, 0.0013750063435056875]
3.5111917342151346,[0.0009991795030610394, 0.0009991791279663083, 0.0013060375806815566]
3.8535285937105312,[0.0009822438349651342, 0.0009822434661781267, 0.0012798967780176507]
4.229242874389499,[0.0009694503061892354, 0.0009694499499719395, 0.001284606527490888]
4.641588833612782,[0.0009588443400904309, 0.0009588439863723146, 0.0012632678049093987]
5.09413801481638,[0.0009487154938255564, 0.0009487151383691801, 0.0012176498339205174]
5.590810182512229,[0.000938278376460943, 0.0009382780278964505, 0.0012062651123413593]
6.135907273413176,[0.0009268453664861909, 0.0009268450284531453, 0.0011989578134161043]
6.7341506577508286,[0.0009140262772365622, 0.0009140259242366827, 0.0011969909350253763]
7.390722033525782,[0.000899950400520974, 0.0008999500528105177, 0.0011433483917262406]
8.111308307896872,[0.0008844278820474504, 0.0008844275392213092, 0.0011284370098505697]
8.902150854450392,[0.0008681843233660425, 0.000868183991270073, 0.0011296311995976289]
9.770099572992256,[0.0008515516661474633, 0.0008515513390420449, 0.0010909614191954794]
10.722672220103243,[0.0008352131122814401, 0.0008352127925568026, 0.0010518928534406027]
11.768119524349991,[0.0008196261421870809, 0.0008196258157954381, 0.0010321166863840128]
12.91549665014884,[0.0008048978042174412, 0.0008048974838324501, 0.0010117933959633211]
14.174741629268063,[0.0007879608066698248, 0.0007879604991011278, 0.0009923314156725625]
15.556761439304722,[0.0007717374666090466, 0.000771737164392358, 0.0009643445784033143]
17.07352647470692,[0.0007523510267593494, 0.0007523507223882178, 0.0009680560249085259]
18.73817422860385,[0.0007339452045809888, 0.0007339449032968536, 0.0008698099271506769]
20.565123083486537,[0.0007158632299729982, 0.0007158629354966452, 0.0008881896860694191]
22.570197196339215,[0.0006966009034005747, 0.0006966006071513599, 0.0008616272738282746]
24.770763559917114,[0.0006811646135899241, 0.0006811643193911866, 0.0008369666841123111]
27.185882427329428,[0.0006611317088214156, 0.0006611314148219623, 0.0007933479309521308]
29.836472402833405,[0.0006460757719388276, 0.0006460754875712058, 0.0008152923220389775]
32.745491628777316,[0.0006245982201782683, 0.0006245979544982366, 0.0007750427030114183]
35.938136638046295,[0.0006084325927344525, 0.0006084323224939433, 0.0007530781746100785]
39.4420605943766,[0.0005916960976552556, 0.0005916958292667158, 0.0007175793104014867]
43.287612810830616,[0.0005770509291266298, 0.0005770506674676818, 0.0007143928220022469]
47.50810162102798,[0.0005628190003823186, 0.0005628187540423212, 0.0006921089047367346]
52.140082879996896,[0.0005569383059635692, 0.0005569380554349058, 0.0006883858338498911]
57.2236765935022,[0.0005343745567507226, 0.0005343743155503533, 0.0006583101295989756]
62.802914418342596,[0.0005204081948567916, 0.0005204079675588741, 0.0006652887393543412]
68.92612104349702,[0.0005093371704010452, 0.0005093369423952158, 0.0006286933056161221]
75.64633275546291,[0.000512755821646276, 0.0005127555931480647, 0.0006487971472366147]
83.02175681319753,[0.0004951792673232473, 0.0004951790480856305, 0.0006093225846630865]
91.11627561154896,[0.0004936225482090771, 0.0004936223269701066, 0.000595880141043325]
100.0,[0.0004785487927445437, 0.0004785485867112685, 0.0005946417748116458]
