0.010000000000000002,[0.001133516148255644, 0.0011335157591722395, 0.0015164794394162857]
0.010974987654930561,[0.001133484643611151, 0.0011334842527084366, 0.0015303549365411058]
0.012045035402587823,[0.001133453875432986, 0.001133453489927092, 0.0015185298309934136]
0.013219411484660288,[0.0011334177014718486, 0.00113341730746839, 0.001506099118193448]
0.014508287784959394,[0.001133381380494953, 0.0011333809919483982, 0.001493200223709061]
0.015922827933410922,[0.0011333428981439573, 0.0011333425090438516, 0.0014921764028279763]
0.01747528400007684,[0.0011332911640107946, 0.001133290768927461, 0.0015097697012358617]
0.019179102616724886,[0.0011332452701467162, 0.001133244877470531, 0.0015366366773011527]
0.02104904144512021,[0.0011331907126183615, 0.0011331903212853593, 0.001542994728764119]
0.023101297000831605,[0.0011331274663009742, 0.001133127075086166, 0.0014763125923720048]
0.025353644939701114,[0.0011330709652828137, 0.001133070580458661, 0.0014887933709204844]
0.027825594022071243,[0.0011329978275312084, 0.0011329974354107833, 0.001481648002846417]
0.030538555088334154,[0.0011329130122889294, 0.0011329126217342075, 0.0015218306261496448]
0.033516026509388425,[0.0011328264622105229, 0.0011328260709173481, 0.001500927599531641]
0.03678379771828634,[0.0011327284817107236, 0.0011327280927354777, 0.001464684377438691]
0.040370172585965536,[0.00113262943919942, 0.001132629048590617, 0.001475525330225891]
0.044306214575838825,[0.0011325081548975945, 0.0011325077652431807, 0.0014871602516978268]
0.04862601580065353,[0.0011323764947605412, 0.0011323761019912406, 0.0015473548214851726]
0.0533669923120631,[0.0011322391744383981, 0.0011322387826328954, 0.0015009420534651285]
0.05857020818056667,[0.0011320801472172195, 0.001132079752794923, 0.0014690967548836498]
0.06428073117284322,[0.0011319072189021873, 0.0011319068274202179, 0.0014987824973289282]
0.07054802310718646,[0.0011317164954891374, 0.0011317161055461621, 0.0014840135211231895]
0.0774263682681127,[0.0011314999601004718, 0.001131499562166538, 0.0014877252338081984]
0.08497534359086446,[0.0011312651255300432, 0.0011312647306448047, 0.0014806057907256504]
0.093260334688322,[0.0011309941579611693, 0.0011309937645468612, 0.0015002303051758173]
0.10235310218990264,[0.0011306972861820127, 0.001130696898951402, 0.0015241924569237629]
0.11233240329780277,[0.00113035613533563, 0.0011303557389453548, 0.00150000794969562]
0.12328467394420665,[0.0011299704374701308, 0.0011299700446384814, 0.0014791596829386111]
0.13530477745798075,[0.0011295272450459837, 0.0011295268554281476, 0.0015169628802573583]
0.1484968262254465,[0.0011290218321513396, 0.0011290214399315062, 0.001509956804955834]
0.16297508346206444,[0.00112841488528242, 0.001128414489336573, 0.0014917951569103464]
0.1788649529057435,[0.0011277045278654404, 0.001127704139481509, 0.001501240374335055]
0.19630406500402714,[0.0011268617360983744, 0.0011268613490377235, 0.001519359619416361]
0.21544346900318845,[0.0011258623802039478, 0.0011258619917115208, 0.0014804414116437585]
0.23644894126454083,[0.0011246720594442375, 0.0011246716685450835, 0.0014912656432355255]
0.25950242113997374,[0.0011232421390317898, 0.0011232417527819146, 0.001462821200705422]
0.2848035868435802,[0.0011215568466673626, 0.001121556460255306, 0.0015539467967430208]
0.3125715849688237,[0.001119585340163921, 0.00111958494745339, 0.0014479756700123206]
0.34304692863149194,[0.00111730289753949, 0.0011173025017774017, 0.0014590608914742099]
0.37649358067924693,[0.0011147004290956496, 0.0011147000380104667, 0.0014614147245978518]
0.41320124001153385,[0.0011117717359614458, 0.001111771351251164, 0.0015241495575922435]
0.4534878508128585,[0.0011085531344046133, 0.00110855274170659, 0.0014974197615288982]
0.49770235643321115,[0.001105041337544186, 0.0011050409510195735, 0.001487883439489539]
0.5462277217684343,[0.0011012450610405637, 0.001101244671334257, 0.0014496680180376355]
0.5994842503189411,[0.0010971333373303764, 0.0010971329407052587, 0.0014048362169983137]
0.6579332246575682,[0.0010926099264649083, 0.00109260953229961, 0.0014648600420730292]
0.7220809018385468,[0.0010875989043446822, 0.0010875985081510418, 0.0014110790258937236]
0.7924828983539177,[0.0010821070360739606, 0.0010821066484510932, 0.0014728770793635305]
0.8697490026177834,[0.0010762986602123484, 0.001076298270198685, 0.001455047115129513]
0.9545484566618342,[0.001070433796115522, 0.001070433407860605, 0.0013870475348126646]
1.0476157527896652,[0.0010647372035559612, 0.0010647368180336557, 0.0014453047133735557]
1.149756995397737,[0.0010591956510994439, 0.0010591952658071582, 0.001385972956062412]
1.261856883066021,[0.001053532821570908, 0.0010535324358307775, 0.0013726808179298465]
1.384886371393873,[0.001047360732286916, 0.0010473603509660494, 0.0013754752367117476]
1.5199110829529348,[0.0010402943262058106, 0.0010402939472027922, 0.0013899950677639715]
1.6681005372000592,[0.0010321510283097157, 0.0010321506468085578, 0.0013158963796340499]
1.8307382802953698,[0.0010232754713511646, 0.0010232750931840925, 0.0013650959780999515]
2.0092330025650478,[0.0010140465246448677, 0.001014046140811476, 0.0013659934670512582]
2.2051307399030455,[0.0010044944434815129, 0.0010044940664133478, 0.0013025005058901733]
2.4201282647943834,[0.0009949737096544857, 0.0009949733279919, 0.0013151746418277285]
2.656087782946687,[0.0009856372823030509, 0.0009856369074874014, 0.0012842221132548053]
2.9150530628251787,[0.0009768613199026101, 0.0009768609455077226, 0.0012790783392353598]
3.1992671377973845,[0.0009689501838803252, 0.0009689498178846805, 0.001289934557150023]
3.5111917342151346,[0.0009615196917791354, 0.0009615193236410734, 0.001215802497741974]
3.8535285937105312,[0.0009549023280195602, 0.0009549019686820939, 0.0012407364146525724]
4.229242874389499,[0.0009489936112520702, 0.0009489932549503001, 0.0012426809912133379]
4.641588833612782,[0.0009426358545840775, 0.0009426355024923074, 0.0012482777097326215]
5.09413801481638,[0.0009356645540665666, 0.0009356642026979041, 0.0012019855626880826]
5.590810182512229,[0.0009272343563487982, 0.0009272340105340152, 0.001248704360518525]
6.135907273413176,[0.0009175959704022093, 0.0009175956270898101, 0.0011601069175978893]
6.7341506577508286,[0.000906239645962152, 0.0009062392991453761, 0.0011645072093069769]
7.390722033525782,[0.0008932014932137893, 0.0008932011511643079, 0.0011306825414249967]
8.111308307896872,[0.0008786351548737089, 0.0008786348157841452, 0.0010942037162703917]
8.902150854450392,[0.0008632734872129729, 0.0008632731540955253, 0.001103788048551803]
9.770099572992256,[0.0008473423505088704, 0.0008473420196811184, 0.0010966965734158427]
10.722672220103243,[0.0008316239506768662, 0.0008316236342630665, 0.0010574727546435682]
11.768119524349991,[0.0008164682998123934, 0.0008164679797259859, 0.0010463181341493764]
12.91549665014884,[0.0008022573153562871, 0.0008022569949247466, 0.000996577902467644]
14.174741629268063,[0.0007858111428200791, 0.0007858108336943875, 0.0009870410055289399]
15.556761439304722,[0.0007695706427012144, 0.0007695703352329869, 0.0009828544871998868]
17.07352647470692,[0.0007504757597426975, 0.0007504754534416353, 0.0009368043070337961]
18.73817422860385,[0.0007328062469964447, 0.0007328059490716429, 0.0009210230910991207]
20.565123083486537,[0.0007149054439364069, 0.0007149051529003908, 0.0008811241317269809]
22.570197196339215,[0.0006957629634466886, 0.0006957626739997556, 0.000870489520423783]
24.770763559917114,[0.0006805639569066803, 0.000680563663370686, 0.0008493726375215449]
27.185882427329428,[0.0006603418877443865, 0.0006603415997575496, 0.000833400547244934]
29.836472402833405,[0.0006453392525480534, 0.0006453389707129206, 0.0008113769203623048]
32.745491628777316,[0.0006257821456656399, 0.000625781877831523, 0.0007727073264510785]
35.938136638046295,[0.000607979254269815, 0.0006079789874392194, 0.0007571442387340019]
39.4420605943766,[0.0005917057333520029, 0.0005917054708190746, 0.0007362882587529912]
43.287612810830616,[0.0005747685122424918, 0.0005747682502545517, 0.0007191704819940719]
47.50810162102798,[0.000562729424112256, 0.0005627291725326446, 0.0007048459773481127]
52.140082879996896,[0.0005551344715340938, 0.0005551342258143678, 0.0006698424154753957]
57.2236765935022,[0.0005349905638455996, 0.0005349903224068608, 0.0006624718769851659]
62.802914418342596,[0.0005171110167145021, 0.000517110790716987, 0.000631541457144472]
68.92612104349702,[0.0005125518583380636, 0.0005125516267505776, 0.0006431294584656615]
75.64633275546291,[0.0005117898910002625, 0.000511789656816961, 0.0006255781651254366]
83.02175681319753,[0.0004964075391384941, 0.0004964073068586043, 0.0006140446015675032]
91.11627561154896,[0.00048309202159191816, 0.00048309179350945823, 0.0006273532651342917]
100.0,[0.0004740058928431452, 0.00047400568277946594, 0.0005811986662979987]
