0.010000000000000002,[4.829637968821769e-5, 4.829639551956113e-5, 1.528172617930318e-7]
0.010974987654930561,[4.829632962057444e-5, 4.829634546378796e-5, 1.5283467472962967e-7]
0.012045035402587823,[4.8296279619273224e-5, 4.829629546570447e-5, 1.5285234591572952e-7]
0.013219411484660288,[4.8296223262211595e-5, 4.829623911805723e-5, 1.5287140787413836e-7]
0.014508287784959394,[4.829615237446393e-5, 4.8296168230536353e-5, 1.528901825451277e-7]
0.015922827933410922,[4.8296074662954455e-5, 4.829609052032653e-5, 1.52909870182822e-7]
0.01747528400007684,[4.82959894631329e-5, 4.829600533360393e-5, 1.5292868051134334e-7]
0.019179102616724886,[4.829589005786352e-5, 4.8295905911318154e-5, 1.5294643221944173e-7]
0.02104904144512021,[4.8295783899902256e-5, 4.829579975508022e-5, 1.529629991849246e-7]
0.023101297000831605,[4.829566834472212e-5, 4.829568420928748e-5, 1.5297696780005718e-7]
0.025353644939701114,[4.829553504856243e-5, 4.829555090716361e-5, 1.5298722701705664e-7]
0.027825594022071243,[4.829538842807436e-5, 4.829540428577862e-5, 1.5299282532326052e-7]
0.030538555088334154,[4.829521827819996e-5, 4.8295234131230006e-5, 1.5299189828488524e-7]
0.033516026509388425,[4.829502850689269e-5, 4.829504437543092e-5, 1.529820679995192e-7]
0.03678379771828634,[4.829481620248717e-5, 4.829483205778211e-5, 1.5295984137286313e-7]
0.040370172585965536,[4.8294577546682776e-5, 4.8294593386673337e-5, 1.5292249671864795e-7]
0.044306214575838825,[4.8294304368478516e-5, 4.82943202069698e-5, 1.5286675011077275e-7]
0.04862601580065353,[4.829399403950405e-5, 4.829400989511827e-5, 1.5278611654634882e-7]
0.0533669923120631,[4.82936438974291e-5, 4.8293659731736926e-5, 1.526758702894996e-7]
0.05857020818056667,[4.8293239289108534e-5, 4.82932551417676e-5, 1.5252892580861867e-7]
0.06428073117284322,[4.82927778706883e-5, 4.829279370859988e-5, 1.5233665181110205e-7]
0.07054802310718646,[4.8292259086556155e-5, 4.8292274928358065e-5, 1.5209224650258753e-7]
0.0774263682681127,[4.8291656520449904e-5, 4.8291672379011784e-5, 1.5178785746145663e-7]
0.08497534359086446,[4.829096411040268e-5, 4.829097994826907e-5, 1.514170015904173e-7]
0.093260334688322,[4.829017480357759e-5, 4.829019065589107e-5, 1.50971866226117e-7]
0.10235310218990264,[4.8289267717494974e-5, 4.828928354817135e-5, 1.5045272685300034e-7]
0.11233240329780277,[4.8288215692700885e-5, 4.828823154200391e-5, 1.4986420648490935e-7]
0.12328467394420665,[4.8287008458273375e-5, 4.8287024324993456e-5, 1.4922001920314592e-7]
0.13530477745798075,[4.828560751484017e-5, 4.8285623391019174e-5, 1.485441072507948e-7]
0.1484968262254465,[4.828400785682052e-5, 4.828402371977095e-5, 1.4787178067766044e-7]
0.16297508346206444,[4.828216378919114e-5, 4.828217965052603e-5, 1.4725128697710902e-7]
0.1788649529057435,[4.8280038647468626e-5, 4.8280054517516144e-5, 1.4672841508423437e-7]
0.19630406500402714,[4.8277585335526365e-5, 4.8277601176709914e-5, 1.4633589097849375e-7]
0.21544346900318845,[4.827475958335003e-5, 4.827477539326494e-5, 1.4605354023399353e-7]
0.23644894126454083,[4.827153115794503e-5, 4.8271546961410645e-5, 1.457762655737196e-7]
0.25950242113997374,[4.826782589645332e-5, 4.82678417181378e-5, 1.4528910258555152e-7]
0.2848035868435802,[4.8263647615756346e-5, 4.826366341369353e-5, 1.442510848691401e-7]
0.3125715849688237,[4.825886345699241e-5, 4.825887926022557e-5, 1.4228705807584522e-7]
0.34304692863149194,[4.825356598496975e-5, 4.825358177376263e-5, 1.391352732041102e-7]
0.37649358067924693,[4.8247672857048914e-5, 4.824768867504999e-5, 1.3486651126705277e-7]
0.41320124001153385,[4.824128899702674e-5, 4.824130477923252e-5, 1.299660693071054e-7]
0.4534878508128585,[4.8234490600469686e-5, 4.823450640796405e-5, 1.2505268744199733e-7]
0.49770235643321115,[4.822756487544735e-5, 4.822758062678835e-5, 1.2027860322845448e-7]
0.5462277217684343,[4.822079353274565e-5, 4.8220809298634776e-5, 1.1499477902485738e-7]
0.5994842503189411,[4.8214641371787646e-5, 4.821465716422418e-5, 1.0849361195803129e-7]
0.6579332246575682,[4.8209636248379996e-5, 4.82096520511242e-5, 1.0117201235341092e-7]
0.7220809018385468,[4.820633134269152e-5, 4.8206347140622575e-5, 9.364169711402514e-8]
0.7924828983539177,[4.820503314317588e-5, 4.820504893559289e-5, 8.466654578123404e-8]
0.8697490026177834,[4.820585305553951e-5, 4.820586888644213e-5, 7.409220712355753e-8]
0.9545484566618342,[4.8208238164560295e-5, 4.8208253955785156e-5, 6.548232324636656e-8]
1.0476157527896652,[4.821110786107747e-5, 4.8211123713319194e-5, 5.747216371372017e-8]
1.149756995397737,[4.821312998240003e-5, 4.8213145841721296e-5, 4.748347702832713e-8]
1.261856883066021,[4.821312136484452e-5, 4.821313720862567e-5, 3.913087740390264e-8]
1.384886371393873,[4.821054253218085e-5, 4.821055841896219e-5, 3.202972466846057e-8]
1.5199110829529348,[4.820547749502315e-5, 4.8205493273617235e-5, 2.6585730707681446e-8]
1.6681005372000592,[4.819800133880801e-5, 4.81980171533646e-5, 2.2547816204498882e-8]
1.8307382802953698,[4.818807196357141e-5, 4.8188087759542235e-5, 1.9584886728658872e-8]
2.0092330025650478,[4.8177144719325e-5, 4.8177160539021824e-5, 1.7040780117415538e-8]
2.2051307399030455,[4.817105351635927e-5, 4.817106940575704e-5, 1.4757811422453938e-8]
2.4201282647943834,[4.81758508333321e-5, 4.817586669923674e-5, 1.1419493106194103e-8]
2.656087782946687,[4.8185254018354555e-5, 4.818526989437297e-5, 7.908352852684498e-9]
2.9150530628251787,[4.8185954475956456e-5, 4.818597033895675e-5, 4.475638414888289e-9]
3.1992671377973845,[4.818188853762398e-5, 4.818190434300814e-5, 2.0427861145837105e-9]
3.5111917342151346,[4.818146326918634e-5, 4.8181479067500105e-5, 1.4414427726101327e-9]
3.8535285937105312,[4.817910881427106e-5, 4.8179124665722665e-5, 2.5983668945392144e-9]
4.229242874389499,[4.817524514210701e-5, 4.8175260905550886e-5, 4.967565352040297e-9]
4.641588833612782,[4.818328761933876e-5, 4.8183303479801235e-5, 7.031677289447807e-9]
5.09413801481638,[4.817986678713794e-5, 4.817988268395646e-5, 7.3379898864709385e-9]
5.590810182512229,[4.817192783547422e-5, 4.817194370165579e-5, 5.947407427340547e-9]
6.135907273413176,[4.818366080368796e-5, 4.818367663312648e-5, 5.615079765442844e-9]
6.7341506577508286,[4.8171671073291497e-5, 4.817168689485784e-5, 6.995105626340279e-9]
7.390722033525782,[4.818845138181972e-5, 4.81884671892711e-5, 7.913422008500134e-9]
8.111308307896872,[4.817128346842836e-5, 4.817129930451718e-5, 6.4521720443999425e-9]
8.902150854450392,[4.818405372821673e-5, 4.8184069585714576e-5, 4.320724112479852e-9]
9.770099572992256,[4.817404228025311e-5, 4.817405809535178e-5, 4.780293569775513e-9]
10.722672220103243,[4.8173450559573775e-5, 4.817346638951089e-5, 3.0821798446917795e-9]
11.768119524349991,[4.81727275061988e-5, 4.817274332681401e-5, 1.890920840980164e-9]
12.91549665014884,[4.8174379797800296e-5, 4.817439564301863e-5, 1.9834127815611277e-10]
14.174741629268063,[4.818235458879092e-5, 4.8182370444296685e-5, 6.155219203670112e-9]
15.556761439304722,[4.817734121641761e-5, 4.817735706040115e-5, 6.242547377444937e-9]
17.07352647470692,[4.817514270027283e-5, 4.8175158602232576e-5, 1.1461697682863808e-9]
18.73817422860385,[4.817594659952434e-5, 4.8175962437856765e-5, 5.197526056959692e-9]
20.565123083486537,[4.817904574889763e-5, 4.817906157694425e-5, 2.4171605878834316e-9]
22.570197196339215,[4.8173021115353214e-5, 4.817303694191947e-5, 3.907384380303815e-9]
24.770763559917114,[4.817433677688681e-5, 4.8174352631455804e-5, 1.6641331758135178e-9]
27.185882427329428,[4.8173984433504455e-5, 4.8174000289532114e-5, 5.152744068244004e-10]
29.836472402833405,[4.8172772951139745e-5, 4.8172788762133854e-5, 2.648681667735419e-9]
32.745491628777316,[4.817725840630427e-5, 4.8177274226930724e-5, 1.7314276995441043e-9]
35.938136638046295,[4.81748388166158e-5, 4.8174854659232725e-5, 2.7538909960267965e-10]
39.4420605943766,[4.817328671687024e-5, 4.817330258358241e-5, 1.4556418417696914e-9]
43.287612810830616,[4.817391238313585e-5, 4.8173928258143685e-5, 5.967882317145617e-10]
47.50810162102798,[4.8175800735062246e-5, 4.817581662278605e-5, 2.6281549790276115e-10]
52.140082879996896,[4.81750218033107e-5, 4.817503768249143e-5, 5.079708860563208e-10]
57.2236765935022,[4.8173554281218296e-5, 4.817357014439501e-5, 3.684829712014382e-10]
62.802914418342596,[4.817455114121038e-5, 4.817456704755786e-5, 7.523813598277517e-10]
68.92612104349702,[4.817816804545415e-5, 4.817818397410415e-5, 7.571568330838789e-10]
75.64633275546291,[4.8175622285693324e-5, 4.8175638293461135e-5, 5.731886660101679e-10]
83.02175681319753,[4.817561889118151e-5, 4.817563489663317e-5, 2.9467050817948634e-10]
91.11627561154896,[4.817524374522404e-5, 4.817525975339891e-5, 7.20715107904767e-11]
100.0,[4.817737959838584e-5, 4.8177395583017626e-5, 2.3775060877209956e-9]
