0.010000000000000002,[0.004616364801155964, 0.0046163646440511635, 0.006645432030106924]
0.010974987654930561,[0.00461627547861431, 0.004616275321682897, 0.00664529372217767]
0.012045035402587823,[0.00461617610087785, 0.004616175943845094, 0.0066451438083700645]
0.013219411484660288,[0.0046160654120101135, 0.004616065254891222, 0.006644981552744649]
0.014508287784959394,[0.0046159419788253135, 0.004615941821819314, 0.006644806238886174]
0.015922827933410922,[0.004615804159321096, 0.004615804002383113, 0.006644617175100796]
0.01747528400007684,[0.0046156500723338306, 0.004615649915313969, 0.006644413733213636]
0.019179102616724886,[0.004615477553817037, 0.004615477396611249, 0.006644195369222664]
0.02104904144512021,[0.0046152841133990374, 0.004615283956312281, 0.0066439616724916885]
0.023101297000831605,[0.004615066873871948, 0.004615066716965739, 0.0066437124071621455]
0.025353644939701114,[0.004614822508658804, 0.004614822351511702, 0.006643447580721265]
0.027825594022071243,[0.0046145471635434, 0.004614547006139707, 0.0066431675158853684]
0.030538555088334154,[0.004614236361677981, 0.00461423620417266, 0.006642872937815527]
0.033516026509388425,[0.004613884892490098, 0.004613884735170095, 0.0066425650897908375]
0.03678379771828634,[0.004613486684702587, 0.004613486527222754, 0.006642245855345907]
0.040370172585965536,[0.004613034647358815, 0.004613034489696726, 0.006641917907373688]
0.044306214575838825,[0.004612520482350263, 0.004612520324920809, 0.00664158486247085]
0.04862601580065353,[0.0046119344683067665, 0.004611934310719104, 0.006641251467164159]
0.0533669923120631,[0.004611265198229604, 0.004611265040716438, 0.0066409237708872585]
0.05857020818056667,[0.004610499262244076, 0.004610499104927139, 0.006640609296053702]
0.06428073117284322,[0.004609620867096549, 0.004609620709626636, 0.006640317145239416]
0.07054802310718646,[0.004608611390012945, 0.004608611232451108, 0.006640058051166519]
0.0774263682681127,[0.004607448891228224, 0.00460744873371081, 0.006639844362411599]
0.08497534359086446,[0.004606107464451787, 0.004606107306612353, 0.006639689559348394]
0.093260334688322,[0.004604556292253569, 0.004604556134267631, 0.006639607551565709]
0.10235310218990264,[0.0046027591149856144, 0.00460275895674748, 0.00663961160875758]
0.11233240329780277,[0.00460067322421128, 0.00460067306575093, 0.006639712715140139]
0.12328467394420665,[0.004598247268807993, 0.004598247109881833, 0.006639915188879678]
0.13530477745798075,[0.004595420884226083, 0.0045954207248593455, 0.006640213967167572]
0.1484968262254465,[0.004592122285907831, 0.0045921221263049835, 0.006640587705095336]
0.16297508346206444,[0.0045882664046439925, 0.004588266245040992, 0.006640991382659001]
0.1788649529057435,[0.004583751949387618, 0.004583751790165113, 0.006641345217801196]
0.19630406500402714,[0.004578458681190656, 0.004578458521632799, 0.0066415236595041656]
0.21544346900318845,[0.004572243943857779, 0.004572243784292892, 0.006641341993210233]
0.23644894126454083,[0.004564938263263227, 0.004564938104091304, 0.006640543217547722]
0.25950242113997374,[0.004556340407924304, 0.0045563402488471745, 0.0066387883072816616]
0.2848035868435802,[0.004546211655828989, 0.004546211497190225, 0.006635653850309006]
0.3125715849688237,[0.004534268967683051, 0.00453426880962536, 0.006630642401516947]
0.34304692863149194,[0.004520177154462546, 0.004520176996974322, 0.0066232099019511844]
0.37649358067924693,[0.004503539870778553, 0.004503539714054958, 0.006612806056486867]
0.41320124001153385,[0.004483889415984105, 0.0044838892601603494, 0.006598902064847177]
0.4534878508128585,[0.0044606753971569105, 0.004460675242032798, 0.006580945723577072]
0.49770235643321115,[0.004433252455761544, 0.004433252302655423, 0.006558167506213757]
0.5462277217684343,[0.004400867498794958, 0.004400867347661436, 0.006529242077117042]
0.5994842503189411,[0.0043626472017145165, 0.004362647052895591, 0.006492042744728276]
0.6579332246575682,[0.0043175869986000785, 0.004317586852495812, 0.006443900100402018]
0.7220809018385468,[0.004264543294502293, 0.004264543151479918, 0.0063823391818574994]
0.7924828983539177,[0.004202231138080787, 0.004202230998740903, 0.006305250773004955]
0.8697490026177834,[0.0041292298973470655, 0.004129229762088149, 0.006209513931932844]
0.9545484566618342,[0.004043999348174001, 0.004043999217705551, 0.006089101046832704]
1.0476157527896652,[0.0039449078576598955, 0.003944907733113284, 0.0059351401352088036]
1.149756995397737,[0.003830273295244204, 0.003830273177281871, 0.00574031651333178]
1.261856883066021,[0.0036984170421641917, 0.003698416931211641, 0.005505815511857858]
1.384886371393873,[0.0035477339474333956, 0.003547733844067253, 0.005240242768345583]
1.5199110829529348,[0.0033767875242950397, 0.0033767874288347316, 0.004949289542168374]
1.6681005372000592,[0.0031844468402448833, 0.0031844467526416557, 0.004633632757117498]
1.8307382802953698,[0.002970079052563449, 0.002970078974521358, 0.00430214340142192]
2.0092330025650478,[0.0027337905180681277, 0.002733790450384659, 0.003966128026712046]
2.2051307399030455,[0.0024766883804690936, 0.0024766883227032013, 0.0036112979987404435]
2.4201282647943834,[0.002201167558268234, 0.0022011675110705964, 0.00323229687651781]
2.656087782946687,[0.001911317248883537, 0.001911317212589536, 0.0028308164942786565]
2.9150530628251787,[0.0016135010991730333, 0.0016135010725827406, 0.0024063570581428473]
3.1992671377973845,[0.001316783389793165, 0.0013167833715874316, 0.001962936034102562]
3.5111917342151346,[0.0010324808566498772, 0.0010324808464135715, 0.00152938896079387]
3.8535285937105312,[0.0007725437725410529, 0.0007725437689167962, 0.0011416905772874274]
4.229242874389499,[0.0005475280163942136, 0.0005475280181903415, 0.0007686818669989926]
4.641588833612782,[0.0003650729412982445, 0.0003650729479680276, 0.0004714082250192985]
5.09413801481638,[0.00022893524251737152, 0.00022893525296212509, 0.0002741000441546915]
5.590810182512229,[0.00013815247753737672, 0.00013815249062521532, 0.00014162764674146677]
6.135907273413176,[8.632423038647034e-5, 8.632424521059026e-5, 5.91899036479588e-5]
6.7341506577508286,[6.22575207794868e-5, 6.225753650288529e-5, 2.1859626497138457e-5]
7.390722033525782,[5.342608424705066e-5, 5.342610009067448e-5, 8.364837061122063e-6]
8.111308307896872,[5.047330519631197e-5, 5.0473320972022726e-5, 3.776755790020189e-6]
8.902150854450392,[4.909676773353206e-5, 4.909678351632063e-5, 1.4570085860897213e-6]
9.770099572992256,[4.838808930040547e-5, 4.8388105106043685e-5, 3.43266997019033e-7]
10.722672220103243,[4.818956918523564e-5, 4.8189585014013695e-5, 2.0827871466604776e-8]
11.768119524349991,[4.817726777661666e-5, 4.817728358426077e-5, 9.534356103767016e-9]
12.91549665014884,[4.817481030995184e-5, 4.817482615671689e-5, 2.7300729776777065e-10]
14.174741629268063,[4.817236589045175e-5, 4.817238174946447e-5, 4.052394236334846e-9]
15.556761439304722,[4.817367202306542e-5, 4.817368786991406e-5, 1.105175195058571e-9]
17.07352647470692,[4.8173028747066435e-5, 4.817304463438674e-5, 1.123531765520216e-9]
18.73817422860385,[4.817444455831498e-5, 4.8174460389329534e-5, 1.6344343514549123e-10]
20.565123083486537,[4.8174055916202756e-5, 4.817407174710517e-5, 2.833487246677011e-10]
22.570197196339215,[4.817448418257167e-5, 4.817450001342245e-5, 6.625031501863331e-11]
24.770763559917114,[4.817489341741759e-5, 4.817490927902883e-5, 1.1753338866640473e-11]
27.185882427329428,[4.817492817608771e-5, 4.817494403377412e-5, 1.5159066797279817e-11]
29.836472402833405,[4.817494664872189e-5, 4.817496244067316e-5, 1.0538854031140496e-11]
32.745491628777316,[4.8175004205119426e-5, 4.8175020021623416e-5, 5.082085321991795e-12]
35.938136638046295,[4.817506877103123e-5, 4.8175084612670086e-5, 1.6842556297441519e-12]
39.4420605943766,[4.817510283794521e-5, 4.817511870824581e-5, 2.714290818301716e-13]
43.287612810830616,[4.817508430941542e-5, 4.8175100192090734e-5, 4.976726127001929e-13]
47.50810162102798,[4.817511634698991e-5, 4.8175132238493564e-5, 2.1983099573620878e-13]
52.140082879996896,[4.817511605146762e-5, 4.817513192131953e-5, 1.2120074579041807e-13]
57.2236765935022,[4.8175135493062196e-5, 4.817515136798085e-5, 1.5553367064500136e-14]
62.802914418342596,[4.8175140935763635e-5, 4.8175156849066855e-5, 6.823871164969211e-15]
68.92612104349702,[4.817514318083469e-5, 4.817515911418829e-5, 3.4873165712428108e-15]
75.64633275546291,[4.8175142713715064e-5, 4.817515871558434e-5, 6.704803899376643e-15]
83.02175681319753,[4.817514812992298e-5, 4.817516413454306e-5, 1.2379186394543515e-15]
91.11627561154896,[4.8175149165567985e-5, 4.817516517882211e-5, 1.6154282504288842e-15]
100.0,[4.8175151715081984e-5, 4.817516769103925e-5, 7.113353378964353e-16]
