0.010000000000000002,[4.8206644232680195e-5, 4.820666006364985e-5, 3.6769644625034224e-8]
0.010974987654930561,[4.820662045750823e-5, 4.820663628797577e-5, 3.677371883285801e-8]
0.012045035402587823,[4.82065903557993e-5, 4.820660619074453e-5, 3.677824259330668e-8]
0.013219411484660288,[4.820655051950534e-5, 4.820656636894334e-5, 3.6782759988634256e-8]
0.014508287784959394,[4.8206505667620256e-5, 4.820652151071556e-5, 3.67874982303403e-8]
0.015922827933410922,[4.8206474207748826e-5, 4.8206490066505984e-5, 3.679194473019288e-8]
0.01747528400007684,[4.820643069973423e-5, 4.8206446560752724e-5, 3.6796448721814774e-8]
0.019179102616724886,[4.8206379605421626e-5, 4.820639546674197e-5, 3.680057049738394e-8]
0.02104904144512021,[4.820632193738402e-5, 4.820633778923545e-5, 3.680468497326382e-8]
0.023101297000831605,[4.8206262247572784e-5, 4.82062781058677e-5, 3.680810443710512e-8]
0.025353644939701114,[4.820618764706684e-5, 4.8206203491524926e-5, 3.681079452297766e-8]
0.027825594022071243,[4.8206106296335265e-5, 4.820612214929854e-5, 3.6812728287003594e-8]
0.030538555088334154,[4.820601616716451e-5, 4.820603201930651e-5, 3.681293062713702e-8]
0.033516026509388425,[4.820591473427583e-5, 4.820593059461217e-5, 3.681128597738419e-8]
0.03678379771828634,[4.8205800971875526e-5, 4.820581680822379e-5, 3.680724745227011e-8]
0.040370172585965536,[4.8205668711419656e-5, 4.820568453970069e-5, 3.679975587032925e-8]
0.044306214575838825,[4.820552259238403e-5, 4.820553842105082e-5, 3.678809692323085e-8]
0.04862601580065353,[4.8205357217909485e-5, 4.820537306213112e-5, 3.6771051924519725e-8]
0.0533669923120631,[4.820516355271303e-5, 4.820517939521873e-5, 3.67474693711356e-8]
0.05857020818056667,[4.820494876501609e-5, 4.820496461441381e-5, 3.671617631908773e-8]
0.06428073117284322,[4.8204695402686635e-5, 4.8204711237141076e-5, 3.667462029664188e-8]
0.07054802310718646,[4.8204415606751204e-5, 4.82044314413994e-5, 3.662204219188185e-8]
0.0774263682681127,[4.820408938111077e-5, 4.820410523832727e-5, 3.655585320778879e-8]
0.08497534359086446,[4.820371023259453e-5, 4.8203726071619934e-5, 3.64747368519933e-8]
0.093260334688322,[4.8203285734285305e-5, 4.820330157767273e-5, 3.6375745702378304e-8]
0.10235310218990264,[4.820278650632627e-5, 4.820280234283564e-5, 3.625893984974508e-8]
0.11233240329780277,[4.8202224163205444e-5, 4.820224002257031e-5, 3.6124305308058406e-8]
0.12328467394420665,[4.820156547883623e-5, 4.820158135379598e-5, 3.597302845325352e-8]
0.13530477745798075,[4.8200799832549367e-5, 4.820081571546548e-5, 3.580951162634737e-8]
0.1484968262254465,[4.819991764285078e-5, 4.819993352248031e-5, 3.563924441900127e-8]
0.16297508346206444,[4.819892334785733e-5, 4.819893921657243e-5, 3.5471211583215144e-8]
0.1788649529057435,[4.8197782660723475e-5, 4.819779854055214e-5, 3.531330766993033e-8]
0.19630406500402714,[4.8196479189342764e-5, 4.819649503229916e-5, 3.5171959190913824e-8]
0.21544346900318845,[4.81949764877312e-5, 4.819499229802338e-5, 3.504456565920312e-8]
0.23644894126454083,[4.8193312346788236e-5, 4.819332815785245e-5, 3.491232794323223e-8]
0.25950242113997374,[4.8191415784698256e-5, 4.819143161366574e-5, 3.473146059518395e-8]
0.2848035868435802,[4.8189311999735274e-5, 4.81893278054331e-5, 3.4428838629108415e-8]
0.3125715849688237,[4.818703594423441e-5, 4.818705176333212e-5, 3.391194507317064e-8]
0.34304692863149194,[4.818456910395756e-5, 4.8184584905971914e-5, 3.3101175389215556e-8]
0.37649358067924693,[4.8181985928310244e-5, 4.8182001756741014e-5, 3.1975879675998644e-8]
0.41320124001153385,[4.8179420237530755e-5, 4.817943602635006e-5, 3.062054644934869e-8]
0.4534878508128585,[4.8177015267608e-5, 4.817703108447301e-5, 2.920375429115652e-8]
0.49770235643321115,[4.8174966926202006e-5, 4.817498269370052e-5, 2.7860603696389815e-8]
0.5462277217684343,[4.8173533302887184e-5, 4.817354909350418e-5, 2.6535097049975503e-8]
0.5994842503189411,[4.817301719638897e-5, 4.817303299690859e-5, 2.4978397947083276e-8]
0.6579332246575682,[4.8173684054141986e-5, 4.817369987587132e-5, 2.3032223454376156e-8]
0.7220809018385468,[4.817558360332458e-5, 4.817559940477938e-5, 2.0853330527462194e-8]
0.7924828983539177,[4.817861315938559e-5, 4.817862894858815e-5, 1.8573693537240807e-8]
0.8697490026177834,[4.8182217188574776e-5, 4.818223301224893e-5, 1.6059778700156658e-8]
0.9545484566618342,[4.818549199493792e-5, 4.818550778857133e-5, 1.3581539736185492e-8]
1.0476157527896652,[4.818730242415488e-5, 4.818731826525618e-5, 1.1404286529674709e-8]
1.149756995397737,[4.818660577437377e-5, 4.818662162187779e-5, 8.8894900221257e-9]
1.261856883066021,[4.8183170837124804e-5, 4.818318667231151e-5, 6.611801305149028e-9]
1.384886371393873,[4.817787429079664e-5, 4.817789018077206e-5, 4.917020028630868e-9]
1.5199110829529348,[4.817277069964641e-5, 4.817278649857699e-5, 3.405675157478287e-9]
1.6681005372000592,[4.8170093415558974e-5, 4.81701092368099e-5, 2.3472168913237765e-9]
1.8307382802953698,[4.817057222412125e-5, 4.817058803850759e-5, 1.726648835485422e-9]
2.0092330025650478,[4.8172975652021175e-5, 4.817299148185072e-5, 1.3529225309698577e-9]
2.2051307399030455,[4.8175464582430325e-5, 4.8175480471833617e-5, 1.1752541579950341e-9]
2.4201282647943834,[4.817737856549615e-5, 4.817739442638238e-5, 1.0561417219747976e-9]
2.656087782946687,[4.817879525421024e-5, 4.8178811126035294e-5, 9.799396113313351e-10]
2.9150530628251787,[4.8179611278287944e-5, 4.817962714288371e-5, 8.602812668771517e-10]
3.1992671377973845,[4.817949620021602e-5, 4.817951201077275e-5, 7.254262190340819e-10]
3.5111917342151346,[4.817873606684908e-5, 4.8178751860395935e-5, 5.748280270475592e-10]
3.8535285937105312,[4.817747359332375e-5, 4.8177489434008245e-5, 4.875498720798397e-10]
4.229242874389499,[4.8175953624171375e-5, 4.8175969406700846e-5, 4.3591637873989884e-10]
4.641588833612782,[4.817439691742748e-5, 4.817441276811631e-5, 3.7292647013073493e-10]
5.09413801481638,[4.817344467692304e-5, 4.817346057327798e-5, 2.602750309701667e-10]
5.590810182512229,[4.8173323911425826e-5, 4.8173339788680565e-5, 1.8054323787286508e-10]
6.135907273413176,[4.817382874279862e-5, 4.817384456497888e-5, 1.222127431339046e-10]
6.7341506577508286,[4.817469241116288e-5, 4.817470824056959e-5, 1.0183015589183716e-10]
7.390722033525782,[4.817572357822723e-5, 4.817573939071335e-5, 1.3675824298083257e-10]
8.111308307896872,[4.8175841360728374e-5, 4.817585720282458e-5, 8.04529218728016e-11]
8.902150854450392,[4.817582020730243e-5, 4.817583608155571e-5, 9.64699794133876e-11]
9.770099572992256,[4.8175424996538916e-5, 4.817544080314804e-5, 7.033728704691019e-11]
10.722672220103243,[4.817517463042093e-5, 4.817519045772146e-5, 8.309133200977411e-11]
11.768119524349991,[4.817570480622802e-5, 4.8175720619006855e-5, 1.404382954740206e-10]
12.91549665014884,[4.817537777962475e-5, 4.81753936278157e-5, 1.0220743984872594e-10]
14.174741629268063,[4.817475786791835e-5, 4.817477372502693e-5, 1.6659686880448438e-10]
15.556761439304722,[4.8174896740080836e-5, 4.817491258939638e-5, 1.4649057108371466e-10]
17.07352647470692,[4.8175325237422625e-5, 4.81753411281847e-5, 9.220762531022028e-11]
18.73817422860385,[4.8174902090914734e-5, 4.817491792372894e-5, 3.3944343958923026e-11]
20.565123083486537,[4.8175180293454264e-5, 4.817519611855836e-5, 6.754357845890895e-11]
22.570197196339215,[4.81754241704597e-5, 4.817543999718979e-5, 2.4427680813570453e-11]
24.770763559917114,[4.817498032126622e-5, 4.817499617512375e-5, 5.892517695373095e-11]
27.185882427329428,[4.8175664529169646e-5, 4.8175680380792144e-5, 1.1304696235551696e-10]
29.836472402833405,[4.8175080685866393e-5, 4.817509649104681e-5, 9.751294476264531e-11]
32.745491628777316,[4.817510856971041e-5, 4.8175124393620315e-5, 4.5151902703693623e-11]
35.938136638046295,[4.817501898706829e-5, 4.8175034833614995e-5, 1.980725244737425e-11]
39.4420605943766,[4.817528216043139e-5, 4.8175298046946944e-5, 5.5550839840097217e-11]
43.287612810830616,[4.817526626645956e-5, 4.817528215059584e-5, 2.44644783354628e-11]
47.50810162102798,[4.8175070905861646e-5, 4.817508678651328e-5, 3.915118290202177e-11]
52.140082879996896,[4.817489153838578e-5, 4.817490741517644e-5, 7.144972015453159e-12]
57.2236765935022,[4.8175095527773644e-5, 4.817511139807939e-5, 2.5035764994964166e-11]
62.802914418342596,[4.817521516204192e-5, 4.8175231071965834e-5, 3.556109827798928e-11]
68.92612104349702,[4.817538619276354e-5, 4.817540213052653e-5, 4.8635890150902784e-11]
75.64633275546291,[4.8174887032835865e-5, 4.8174903042249875e-5, 1.6688335866838405e-11]
83.02175681319753,[4.8175324124575424e-5, 4.817534013475602e-5, 6.768474378875343e-12]
91.11627561154896,[4.817516349175117e-5, 4.8175179488228505e-5, 3.13948490381832e-11]
100.0,[4.8178037141354627e-5, 4.817805312515961e-5, 2.3611579752813902e-9]
