0.010000000000000002,[0.0038899917434762035, 0.003889991795086156, 0.003571032381813274]
0.010974987654930561,[0.0038900010695579962, 0.0038900011210215367, 0.003570907901011999]
0.012045035402587823,[0.003890010037126015, 0.003890010088928793, 0.0035701477084493782]
0.013219411484660288,[0.0038900186461346283, 0.003890018698495991, 0.003570309780852054]
0.014508287784959394,[0.0038900262161380467, 0.003890026268026633, 0.0035702454721279163]
0.015922827933410922,[0.0038900325411572022, 0.0038900325938037326, 0.003569961489160517]
0.01747528400007684,[0.003890037048161982, 0.0038900371005549422, 0.00356974469225911]
0.019179102616724886,[0.003890039069136774, 0.0038900391214568585, 0.003569244403461088]
0.02104904144512021,[0.0038900377803385584, 0.00389003783172758, 0.003568586539060771]
0.023101297000831605,[0.0038900321049015777, 0.0038900321571699995, 0.0035684984042250087]
0.025353644939701114,[0.0038900208237348886, 0.003890020876537838, 0.0035667397310606484]
0.027825594022071243,[0.0038900021226554653, 0.003890002174833725, 0.003566247763453593]
0.030538555088334154,[0.0038899740761133713, 0.003889974128115113, 0.0035660503448950503]
0.033516026509388425,[0.0038899344418337977, 0.003889934494028266, 0.0035651612858250943]
0.03678379771828634,[0.0038898800243521146, 0.0038898800762912945, 0.00356471621269395]
0.040370172585965536,[0.0038898072682831187, 0.0038898073201906165, 0.003563351030720034]
0.044306214575838825,[0.0038897115249635805, 0.0038897115770989725, 0.003562835348851627]
0.04862601580065353,[0.0038895875736763255, 0.003889587625235394, 0.0035618689782296723]
0.0533669923120631,[0.003889428585975399, 0.0038894286383411303, 0.003561558281570023]
0.05857020818056667,[0.003889226375169181, 0.0038892264267700004, 0.0035615069292108184]
0.06428073117284322,[0.0038889713984659345, 0.0038889714514178716, 0.0035586887595228695]
0.07054802310718646,[0.003888651379382699, 0.003888651432763763, 0.003559151075000368]
0.0774263682681127,[0.003888251742515811, 0.0038882517957574123, 0.0035582596370520485]
0.08497534359086446,[0.003887754784613645, 0.0038877548387603825, 0.003559227520712492]
0.093260334688322,[0.0038871390697082287, 0.00388713912431962, 0.003560235975536514]
0.10235310218990264,[0.0038863786402092803, 0.0038863786937203913, 0.0035607754955037287]
0.11233240329780277,[0.0038854418957142817, 0.003885441950514957, 0.0035615989817839922]
0.12328467394420665,[0.0038842906898145344, 0.0038842907437526726, 0.00356275138496481]
0.13530477745798075,[0.003882878964066158, 0.0038828790193885182, 0.003564606186650595]
0.1484968262254465,[0.003881150880777149, 0.003881150935733726, 0.003566329123311392]
0.16297508346206444,[0.0038790389168875047, 0.0038790389733767117, 0.0035688300747215036]
0.1788649529057435,[0.0038764621033408717, 0.0038764621589546977, 0.0035703636550763673]
0.19630406500402714,[0.0038733227470719427, 0.003873322800840656, 0.0035718104083571497]
0.21544346900318845,[0.003869503013500782, 0.0038695030682340597, 0.003572446457539469]
0.23644894126454083,[0.0038648617217774952, 0.0038648617779403964, 0.003572491595609554]
0.25950242113997374,[0.0038592293366520336, 0.0038592293921596295, 0.0035703574515944594]
0.2848035868435802,[0.0038524042680687276, 0.003852404324107306, 0.003564723790697769]
0.3125715849688237,[0.003844145548359223, 0.003844145602878702, 0.0035580723870140044]
0.34304692863149194,[0.0038341679037743248, 0.0038341679595812537, 0.003546238953875392]
0.37649358067924693,[0.0038221356691049897, 0.00382213572408854, 0.003532825163853772]
0.41320124001153385,[0.003807655279255766, 0.0038076553337441617, 0.0035097664541234833]
0.4534878508128585,[0.0037902707779123167, 0.0037902708310429472, 0.003479801946753707]
0.49770235643321115,[0.0037694592769972283, 0.003769459328187535, 0.0034432359498632547]
0.5462277217684343,[0.003744629283986587, 0.0037446293363233556, 0.0033971212091386408]
0.5994842503189411,[0.0037151236834825235, 0.0037151237338897067, 0.003341734201210337]
0.6579332246575682,[0.003680229851397735, 0.003680229901139081, 0.0032796876271038674]
0.7220809018385468,[0.0036391945180782106, 0.0036391945656607813, 0.0032220033864332766]
0.7924828983539177,[0.0035912537720834596, 0.0035912538153371, 0.0031517560859020102]
0.8697490026177834,[0.003535674338420131, 0.003535674377279517, 0.0030603986149561136]
0.9545484566618342,[0.0034718102810099337, 0.0034718103160575682, 0.002964662508287308]
1.0476157527896652,[0.003399178651070978, 0.003399178681244707, 0.0028530466590775947]
1.149756995397737,[0.0033175605138490746, 0.0033175605371818105, 0.0027171231215730976]
1.261856883066021,[0.003227098693525209, 0.0032270987135199873, 0.002565561930099677]
1.384886371393873,[0.0031283628369389743, 0.003128362852266055, 0.002407620812751623]
1.5199110829529348,[0.0030223046851377885, 0.0030223046961798702, 0.00223519454733888]
1.6681005372000592,[0.0029100254024856595, 0.002910025410229751, 0.002059138721109222]
1.8307382802953698,[0.0027924010401571874, 0.0027924010425722295, 0.0018605087998560033]
2.0092330025650478,[0.0026697602979683, 0.0026697602976085114, 0.0016590884029189315]
2.2051307399030455,[0.0025419438708815024, 0.002541943865891529, 0.001460085253729053]
2.4201282647943834,[0.0024088598847643574, 0.0024088598744274204, 0.0012597755304901042]
2.656087782946687,[0.00227127108494614, 0.0022712710693005454, 0.0010780135485588481]
2.9150530628251787,[0.0021313106202318316, 0.0021313105992458526, 0.0009010144966632405]
3.1992671377973845,[0.001992519364398326, 0.0019925193389849142, 0.0007110143189988128]
3.5111917342151346,[0.0018596687373478677, 0.0018596687081261125, 0.0005454068353581811]
3.8535285937105312,[0.0017384996105145702, 0.001738499577552632, 0.0003958934750299517]
4.229242874389499,[0.0016348779894500888, 0.0016348779557732276, 0.0002695439121622519]
4.641588833612782,[0.0015530855409244873, 0.0015530855059612838, 0.0001672941711022517]
5.09413801481638,[0.0014943175422681952, 0.001494317508504019, 9.538783641017625e-5]
5.590810182512229,[0.0014566263258138663, 0.0014566262934508638, 5.0833726165760484e-5]
6.135907273413176,[0.0014355381464462931, 0.0014355381125392066, 2.46814711901507e-5]
6.7341506577508286,[0.0014251103412855912, 0.0014251103058944452, 1.2021019600123803e-5]
7.390722033525782,[0.0014201731863423424, 0.0014201731495507217, 6.312608125320703e-6]
8.111308307896872,[0.0014179068008301555, 0.0014179067627900033, 3.0810843185132966e-6]
8.902150854450392,[0.0014171118124169603, 0.0014171117737574355, 1.2666355963633577e-6]
9.770099572992256,[0.0014170500581473068, 0.0014170500195397648, 4.401713601599469e-7]
10.722672220103243,[0.0014171084937465153, 0.0014171084554234666, 2.058427127742621e-7]
11.768119524349991,[0.001417222509229746, 0.001417222470469444, 1.2619949874526616e-7]
12.91549665014884,[0.0014173407717831532, 0.0014173407333889442, 8.640476830825237e-8]
14.174741629268063,[0.0014173947469646073, 0.0014173947081656244, 7.579795997575564e-8]
15.556761439304722,[0.0014174461019361118, 0.0014174460630600192, 6.826305340490705e-8]
17.07352647470692,[0.0014175265385397557, 0.001417526499611404, 6.530028886326756e-8]
18.73817422860385,[0.0014175838322492678, 0.0014175837936159978, 6.205644712569374e-8]
20.565123083486537,[0.001417640964721608, 0.0014176409257313464, 6.156974242659544e-8]
22.570197196339215,[0.0014177190670346875, 0.0014177190283355906, 6.094324807040773e-8]
24.770763559917114,[0.0014177553324823068, 0.0014177552938762449, 5.971976722448734e-8]
27.185882427329428,[0.0014177890737788893, 0.0014177890349116719, 6.130796408444157e-8]
29.836472402833405,[0.0014178327562640865, 0.001417832717558317, 6.17843529965707e-8]
32.745491628777316,[0.001417889587738391, 0.0014178895488764361, 6.198079817921139e-8]
35.938136638046295,[0.0014179119451100852, 0.0014179119068638156, 6.158380965210887e-8]
39.4420605943766,[0.001417917588692235, 0.0014179175498753526, 6.292108956131153e-8]
43.287612810830616,[0.0014179373525133447, 0.0014179373140285351, 6.734179048650902e-8]
47.50810162102798,[0.0014179419748170585, 0.0014179419358469568, 6.726808857583994e-8]
52.140082879996896,[0.0014179942542237689, 0.0014179942158116284, 9.511062840333434e-8]
57.2236765935022,[0.0014179806129319956, 0.0014179805742074566, 7.212612839807577e-8]
62.802914418342596,[0.0014179806128491342, 0.0014179805737913696, 7.048771740580613e-8]
68.92612104349702,[0.0014179880172021304, 0.0014179879782526353, 7.213146291508492e-8]
75.64633275546291,[0.001417993081305841, 0.0014179930422491005, 7.385916367570003e-8]
83.02175681319753,[0.0014179977167242638, 0.001417997678358708, 7.55041002452907e-8]
91.11627561154896,[0.0014180213541182595, 0.0014180213157130711, 7.937982320223982e-8]
100.0,[0.001418050256810836, 0.0014180502180839451, 1.1027437790417779e-7]
