0.010000000000000002,[0.011648356125294631, 0.011648356047848871, 0.01232087892492739]
0.010974987654930561,[0.011648111306467309, 0.01164811122795592, 0.01231948798454064]
0.012045035402587823,[0.011647838197048786, 0.011647838119511734, 0.012319314516143919]
0.013219411484660288,[0.011647533135369745, 0.011647533056784492, 0.012319249384613724]
0.014508287784959394,[0.011647191922688637, 0.011647191846796105, 0.012317328707829398]
0.015922827933410922,[0.011646809728220995, 0.011646809652655889, 0.012313322239080349]
0.01747528400007684,[0.01164638098630433, 0.011646380910916493, 0.012312953906902025]
0.019179102616724886,[0.011645899269323263, 0.011645899192722572, 0.01231458965191543]
0.02104904144512021,[0.011645357140498701, 0.011645357066036153, 0.012310487780680732]
0.023101297000831605,[0.011644745976092953, 0.0116447459031466, 0.012306447492092063]
0.025353644939701114,[0.01164405576013566, 0.011644055687973644, 0.012305596059345073]
0.027825594022071243,[0.011643274827839735, 0.0116432747569306, 0.012298871958275434]
0.030538555088334154,[0.011642389607109081, 0.011642389537784903, 0.01229441025200314]
0.033516026509388425,[0.011641384203513794, 0.011641384134658143, 0.012288768386345843]
0.03678379771828634,[0.011640240050310596, 0.011640239980116181, 0.012285971279121548]
0.040370172585965536,[0.011638935371556889, 0.011638935301771977, 0.01227779977590054]
0.044306214575838825,[0.01163744463965271, 0.011637444568892973, 0.012271623299848752]
0.04862601580065353,[0.011635737827551002, 0.01163573776065025, 0.012265065927242039]
0.0533669923120631,[0.011633779634132346, 0.011633779568514569, 0.012261709800600715]
0.05857020818056667,[0.01163152845895544, 0.01163152839306214, 0.012258649125497064]
0.06428073117284322,[0.011628935269635507, 0.011628935209877669, 0.012255184963261525]
0.07054802310718646,[0.011625942201170702, 0.011625942146139793, 0.012245729651835494]
0.0774263682681127,[0.01162248086944147, 0.011622480817313978, 0.01223621227482327]
0.08497534359086446,[0.011618470499685953, 0.011618470452785013, 0.012222053547433252]
0.093260334688322,[0.01161381547943873, 0.011613815441883035, 0.012210507737779954]
0.10235310218990264,[0.01160840296699825, 0.011608402935738758, 0.012200380944891757]
0.11233240329780277,[0.011602099029194094, 0.011602099003413555, 0.012184694993439257]
0.12328467394420665,[0.011594745314776072, 0.011594745295971006, 0.012171847527066224]
0.13530477745798075,[0.011586154575013307, 0.011586154566199389, 0.012159332272878961]
0.1484968262254465,[0.011576105210536269, 0.011576105210103755, 0.012144152753560919]
0.16297508346206444,[0.01156433516275476, 0.011564335176784134, 0.012132736120535814]
0.1788649529057435,[0.011550534583366507, 0.011550534610178222, 0.012116778757750196]
0.19630406500402714,[0.011534337532597883, 0.011534337568716723, 0.012097943212705865]
0.21544346900318845,[0.011515312441624508, 0.011515312490806725, 0.01208640402355728]
0.23644894126454083,[0.011492950618738665, 0.011492950680293917, 0.012070925088671778]
0.25950242113997374,[0.01146665339900167, 0.011466653468098631, 0.012042666990964056]
0.2848035868435802,[0.011435717375785906, 0.011435717439607222, 0.012010584362351093]
0.3125715849688237,[0.011399317693712708, 0.011399317757325776, 0.011960720284118955]
0.34304692863149194,[0.011356488982777534, 0.011356489035987023, 0.01190392072907865]
0.37649358067924693,[0.011306104088056176, 0.011306104138843174, 0.011823540771112851]
0.41320124001153385,[0.01124685035822038, 0.011246850391781135, 0.011728522908877803]
0.4534878508128585,[0.011177203552608176, 0.01117720358254394, 0.01161853577884884]
0.49770235643321115,[0.011095399604502771, 0.011095399637327811, 0.011484581544543446]
0.5462277217684343,[0.010999404900021045, 0.010999404948039967, 0.011346354163483334]
0.5994842503189411,[0.010886886517281574, 0.010886886584394228, 0.011203391183037975]
0.6579332246575682,[0.010755185298298435, 0.010755185360152252, 0.011006377849469468]
0.7220809018385468,[0.010601297052285064, 0.010601297106206203, 0.010745441421037632]
0.7924828983539177,[0.010421871034653777, 0.01042187107910898, 0.01048903510174971]
0.8697490026177834,[0.01021324035014162, 0.010213240388685731, 0.010273378353118272]
0.9545484566618342,[0.009971505754373902, 0.009971505768571136, 0.010027885165557667]
1.0476157527896652,[0.009692700795191944, 0.009692700809284223, 0.009737694828748922]
1.149756995397737,[0.009373068550617192, 0.009373068607682302, 0.009447564824831651]
1.261856883066021,[0.009009472355588924, 0.009009472459714073, 0.009025013823839587]
1.384886371393873,[0.008599938165984726, 0.008599938273606804, 0.00860858165735311]
1.5199110829529348,[0.00814428114192551, 0.008144281258730186, 0.008158221089520905]
1.6681005372000592,[0.0076447078645240675, 0.00764470800777986, 0.00758831452204668]
1.8307382802953698,[0.007106222434923479, 0.0071062225753733, 0.006969361031542941]
2.0092330025650478,[0.006536628901064442, 0.006536629041005681, 0.006281620987317961]
2.2051307399030455,[0.005945976625724005, 0.005945976764909523, 0.0055483248237488065]
2.4201282647943834,[0.005345534970629446, 0.005345535096304877, 0.004837554556072624]
2.656087782946687,[0.0047468044674772066, 0.004746804571789015, 0.004163811901172312]
2.9150530628251787,[0.004161325228496829, 0.004161325313437085, 0.0034198677065737054]
3.1992671377973845,[0.0036015644885987077, 0.003601564546933491, 0.0026800377627354947]
3.5111917342151346,[0.003082016884942407, 0.003082016926141313, 0.0020384670056741083]
3.8535285937105312,[0.00261901813688022, 0.002619018149981645, 0.0014716512439207066]
4.229242874389499,[0.002228521937089276, 0.0022285219229622576, 0.0010023890017864326]
4.641588833612782,[0.0019223070260140837, 0.0019223069995420365, 0.0006134361079120741]
5.09413801481638,[0.0017037188776849906, 0.0017037188474901914, 0.000349879473973758]
5.590810182512229,[0.0015648725974585502, 0.0015648725658772387, 0.00018471321134448627]
6.135907273413176,[0.0014878286050817352, 0.0014878285720121202, 8.938828703367021e-5]
6.7341506577508286,[0.001450125107660494, 0.0014501250733638914, 4.2897199413992195e-5]
7.390722033525782,[0.0014322841140556616, 0.0014322840786214009, 2.227239262258153e-5]
8.111308307896872,[0.0014231503552173863, 0.0014231503187691235, 1.0485574149498219e-5]
8.902150854450392,[0.0014187834986597132, 0.0014187834612180421, 4.0441221477115195e-6]
9.770099572992256,[0.0014173635768623002, 0.0014173635386720879, 1.1755742879148178e-6]
10.722672220103243,[0.0014171234234776678, 0.001417123385521868, 4.0756531594799556e-7]
11.768119524349991,[0.001417216127916351, 0.0014172160892502027, 1.7273763505804528e-7]
12.91549665014884,[0.001417328272138285, 0.0014173282337674902, 8.811064091383468e-8]
14.174741629268063,[0.0014173533452586707, 0.0014173533067340454, 7.910697813422166e-8]
15.556761439304722,[0.0014174241637243865, 0.0014174241249636011, 6.819983076170095e-8]
17.07352647470692,[0.0014175003222429983, 0.001417500283185288, 6.633985957955035e-8]
18.73817422860385,[0.0014175783394338574, 0.001417578300783199, 6.188450488817832e-8]
20.565123083486537,[0.0014176390249074527, 0.001417638986073225, 6.126509035252952e-8]
22.570197196339215,[0.0014177069983552666, 0.001417706959760965, 6.011997100918999e-8]
24.770763559917114,[0.001417751743587167, 0.0014177517052052784, 5.962776521166695e-8]
29.836472402833405,[0.0014178386811009443, 0.001417838642316687, 6.16397327713294e-8]
32.745491628777316,[0.0014178700197647555, 0.0014178699809378936, 6.138283255042348e-8]
35.938136638046295,[0.0014178970127983691, 0.0014178969745425522, 6.125755968029053e-8]
39.4420605943766,[0.0014179139984948224, 0.001417913959683746, 6.256882637888211e-8]
43.287612810830616,[0.0014179291194762055, 0.0014179290813686244, 6.633022023475935e-8]
47.50810162102798,[0.0014179462416149052, 0.001417946202694154, 6.504942861948049e-8]
52.140082879996896,[0.0014179538342638904, 0.001417953795719009, 6.70713242072419e-8]
57.2236765935022,[0.0014179618125197066, 0.0014179617736982924, 6.934616994392701e-8]
62.802914418342596,[0.0014179732546222466, 0.0014179732154759137, 7.030634183508482e-8]
68.92612104349702,[0.0014179839240169656, 0.0014179838850518884, 7.206304232592587e-8]
75.64633275546291,[0.0014179932148318994, 0.0014179931758289911, 7.369254153891792e-8]
83.02175681319753,[0.0014180029636033794, 0.0014180029252820522, 7.482822013168172e-8]
91.11627561154896,[0.0014180116825077572, 0.0014180116439978182, 7.781156795247555e-8]
100.0,[0.001418011453625508, 0.0014180114147411167, 8.233158975785527e-8]
