0.010000000000000002,[0.0015265671341988336, 0.0015265671012246902, 0.00014995896378352676]
0.010974987654930561,[0.001526549380000857, 0.001526549347016751, 0.0001499687672311647]
0.012045035402587823,[0.0015265298538643458, 0.0015265298207109291, 0.0001499518351341487]
0.013219411484660288,[0.001526508343446821, 0.001526508310070648, 0.00014995099720967314]
0.014508287784959394,[0.0015264846525621333, 0.0015264846192496102, 0.00014991917916371242]
0.015922827933410922,[0.0015264586128977688, 0.0015264585795973311, 0.00014990238383889666]
0.01747528400007684,[0.0015264299218370303, 0.0015264298886094934, 0.00014984502174620722]
0.019179102616724886,[0.0015263982839275726, 0.0015263982507917064, 0.0001497984888557727]
0.02104904144512021,[0.001526363438368656, 0.0015263634054445247, 0.0001497402249526299]
0.023101297000831605,[0.001526324995284698, 0.0015263249621399085, 0.00014970174543310388]
0.025353644939701114,[0.0015262826454354532, 0.001526282612124869, 0.0001496390918907957]
0.027825594022071243,[0.0015262359470670204, 0.001526235913630351, 0.0001495542634939916]
0.030538555088334154,[0.001526184408901942, 0.0015261843755521164, 0.00014950096428336106]
0.033516026509388425,[0.001526127559309358, 0.0015261275257633666, 0.00014942721499144863]
0.03678379771828634,[0.001526064764351977, 0.0015260647310641384, 0.00014930247091462593]
0.040370172585965536,[0.0015259954882878143, 0.0015259954549634244, 0.00014917176984055003]
0.044306214575838825,[0.0015259189130367554, 0.001525918879755519, 0.00014908701609817168]
0.04862601580065353,[0.0015258343241515793, 0.001525834290991898, 0.00014886713312190346]
0.0533669923120631,[0.0015257409450946196, 0.001525740911655164, 0.00014870564367756026]
0.05857020818056667,[0.001525637711235039, 0.0015256376780450407, 0.0001485223289989324]
0.06428073117284322,[0.0015255236286752312, 0.0015255235951336771, 0.00014828141975681936]
0.07054802310718646,[0.0015253975832918913, 0.0015253975498707806, 0.0001479635898714339]
0.0774263682681127,[0.0015252583466512258, 0.001525258312976843, 0.00014765432315743738]
0.08497534359086446,[0.0015251044798745017, 0.0015251044463294979, 0.00014730941206889643]
0.093260334688322,[0.0015249344660920013, 0.001524934432338903, 0.0001469827658687552]
0.10235310218990264,[0.0015247467339468083, 0.0015247466998137814, 0.00014650859706064336]
0.11233240329780277,[0.0015245394243109825, 0.00152453939003422, 0.00014592659518367207]
0.12328467394420665,[0.0015243104183303424, 0.001524310384378004, 0.0001453754677385539]
0.13530477745798075,[0.001524057563332135, 0.0015240575293771683, 0.0001447459287783886]
0.1484968262254465,[0.001523778108613844, 0.0015237780743078478, 0.00014424880416960496]
0.16297508346206444,[0.0015234691952909253, 0.0015234691611858775, 0.0001436412630656199]
0.1788649529057435,[0.0015231270160479336, 0.001523126982012654, 0.00014312673603078006]
0.19630406500402714,[0.0015227469273092079, 0.0015227468930885052, 0.0001427577044485658]
0.21544346900318845,[0.001522323038536391, 0.0015223230046423162, 0.00014219442223352332]
0.23644894126454083,[0.0015218472237164581, 0.0015218471898591384, 0.00014163810052432132]
0.25950242113997374,[0.0015213086961796114, 0.0015213086624912167, 0.0001411823343638659]
0.2848035868435802,[0.0015206924219457018, 0.0015206923884547177, 0.00014043833201824818]
0.3125715849688237,[0.001519977554210719, 0.0015199775206122905, 0.00013984377230348905]
0.34304692863149194,[0.0015191355779951596, 0.0015191355447206308, 0.0001387415401109762]
0.37649358067924693,[0.0015181281786144204, 0.0015181281451905472, 0.00013755887806157804]
0.41320124001153385,[0.0015169052503006875, 0.001516905217347066, 0.00013611851162693622]
0.4534878508128585,[0.0015154034842484077, 0.001515403450948807, 0.0001340208055815704]
0.49770235643321115,[0.0015135472379850597, 0.0015135472042934295, 0.0001314241886797653]
0.5462277217684343,[0.0015112518514283982, 0.0015112518179856201, 0.00012773939953634374]
0.5994842503189411,[0.0015084314675570653, 0.0015084314341969622, 0.00012313344432677117]
0.6579332246575682,[0.0015050111427938172, 0.0015050111098176388, 0.00011836445625727074]
0.7220809018385468,[0.0015009410735672228, 0.0015009410403713373, 0.00011395458740355275]
0.7924828983539177,[0.0014962097589892628, 0.0014962097251074856, 0.00010898200721827983]
0.8697490026177834,[0.0014908470749412112, 0.001490847040331774, 0.00010164709867586714]
0.9545484566618342,[0.0014849140164005803, 0.0014849139820966954, 9.278671627227038e-5]
1.0476157527896652,[0.001478478644477354, 0.0014784786098122429, 8.409396545414024e-5]
1.149756995397737,[0.0014715985330315744, 0.0014715984974739854, 7.512350343158524e-5]
1.261856883066021,[0.0014643423492086678, 0.0014643423143070292, 6.663947829233705e-5]
1.384886371393873,[0.0014568702225960788, 0.001456870186473657, 5.873657545629023e-5]
1.5199110829529348,[0.0014495273589930848, 0.0014495273235708706, 5.063475688009548e-5]
1.6681005372000592,[0.0014428312793343344, 0.0014428312440031446, 4.3888778497473826e-5]
1.8307382802953698,[0.0014372779513103652, 0.0014372779154734287, 3.771292553657045e-5]
2.0092330025650478,[0.001433089001160258, 0.0014330889645620725, 3.1702846079031e-5]
2.2051307399030455,[0.0014301228498354143, 0.0014301228127646993, 2.6791136853031228e-5]
2.4201282647943834,[0.0014280088844555584, 0.0014280088468673505, 2.3186741146779424e-5]
2.656087782946687,[0.0014263856291070593, 0.00142638559175252, 1.944498236940928e-5]
2.9150530628251787,[0.0014250487732927002, 0.0014250487352917166, 1.651951527315843e-5]
3.1992671377973845,[0.0014238913181114944, 0.001423891280231692, 1.3975894370900782e-5]
3.5111917342151346,[0.0014228388090702282, 0.0014228387714100826, 1.1813088073968608e-5]
3.8535285937105312,[0.001421915187039876, 0.0014219151484658, 9.765957701599757e-6]
4.229242874389499,[0.0014211595778258086, 0.0014211595392994581, 7.97522124986189e-6]
4.641588833612782,[0.0014204702436621348, 0.0014204702052740715, 6.38511206276999e-6]
5.09413801481638,[0.0014197459063534556, 0.0014197458674874036, 4.748527713840622e-6]
5.590810182512229,[0.0014190042392884013, 0.001419004200442277, 3.4021079562650845e-6]
6.135907273413176,[0.0014182989041667442, 0.0014182988649339065, 2.3346342321300997e-6]
6.7341506577508286,[0.0014176288489176395, 0.0014176288096891046, 1.4895927704024094e-6]
7.390722033525782,[0.00141714019341708, 0.0014171401546165493, 9.283318615108103e-7]
8.111308307896872,[0.0014169995338044843, 0.0014169994950793453, 5.470868668104153e-7]
8.902150854450392,[0.0014170619568758857, 0.0014170619178429562, 3.248568928360756e-7]
9.770099572992256,[0.0014171624164853497, 0.0014171623775151836, 1.9781094523923605e-7]
10.722672220103243,[0.0014171838182147542, 0.0014171837798498724, 1.3530999971899532e-7]
11.768119524349991,[0.0014172301601760016, 0.0014172301215319607, 1.0084729424153195e-7]
12.91549665014884,[0.0014173115472796624, 0.0014173115089287803, 8.242911382193314e-8]
14.174741629268063,[0.0014174031442924586, 0.0014174031057289074, 7.457011713977223e-8]
15.556761439304722,[0.001417452592356283, 0.0014174525533845932, 6.611851959068872e-8]
17.07352647470692,[0.0014175289200889373, 0.0014175288812673468, 6.414949230217687e-8]
18.73817422860385,[0.0014175938385125489, 0.0014175937997800215, 6.104152781766495e-8]
20.565123083486537,[0.001417652883446333, 0.001417652844439113, 6.117940616573467e-8]
22.570197196339215,[0.0014176958957173352, 0.0014176958570454215, 6.086180418197847e-8]
24.770763559917114,[0.0014177616157915467, 0.00141776157732403, 6.009674838228847e-8]
27.185882427329428,[0.0014177814597352895, 0.0014177814207398042, 6.12377247238841e-8]
29.836472402833405,[0.0014178334037834224, 0.0014178333650671333, 6.215477526469644e-8]
32.745491628777316,[0.0014178576890714028, 0.0014178576504082691, 6.254628137235976e-8]
35.938136638046295,[0.00141791381275914, 0.0014179137744949578, 6.253622015452256e-8]
39.4420605943766,[0.0014179255544565514, 0.0014179255157884987, 6.28329638071224e-8]
43.287612810830616,[0.0014179273858876895, 0.0014179273475453434, 6.652472063275018e-8]
47.50810162102798,[0.0014179232191127644, 0.0014179231801701444, 6.703902244528483e-8]
52.140082879996896,[0.0014179756214993434, 0.0014179755828958986, 7.224099588150526e-8]
57.2236765935022,[0.0014179668261518703, 0.0014179667873306778, 7.217372840847416e-8]
62.802914418342596,[0.001417977816573481, 0.0014179777774576189, 7.09719675862629e-8]
68.92612104349702,[0.0014179903452173786, 0.0014179903061943542, 7.247603039361204e-8]
75.64633275546291,[0.0014179855212188691, 0.0014179854822696943, 7.365553051576724e-8]
83.02175681319753,[0.0014179979973356935, 0.0014179979589100946, 7.539846022932985e-8]
91.11627561154896,[0.001418021226446822, 0.0014180211880713593, 7.971497661104531e-8]
100.0,[0.0014180418676573857, 0.0014180418290305839, 1.8066990687125551e-7]
