0.010000000000000002,[0.0014262420609671843, 0.001426242023775157, 1.2691977023860757e-5]
0.010974987654930561,[0.0014262431254059467, 0.0014262430884711417, 1.269266147005047e-5]
0.012045035402587823,[0.0014262442619720646, 0.0014262442248479887, 1.2691485288515393e-5]
0.013219411484660288,[0.0014262455651705918, 0.001426245528375617, 1.2689630940241866e-5]
0.014508287784959394,[0.0014262468834683056, 0.001426246846661829, 1.2687822359091094e-5]
0.015922827933410922,[0.0014262484043665613, 0.0014262483676505293, 1.268561516036614e-5]
0.01747528400007684,[0.001426250029320865, 0.0014262499925116407, 1.2685609230275626e-5]
0.019179102616724886,[0.0014262518461542924, 0.0014262518093340316, 1.2686185251901747e-5]
0.02104904144512021,[0.0014262537402313189, 0.00142625370346872, 1.2687655035255985e-5]
0.023101297000831605,[0.0014262558329637765, 0.0014262557959815346, 1.2690755319184594e-5]
0.025353644939701114,[0.0014262580855251554, 0.0014262580482790027, 1.2689760167165678e-5]
0.027825594022071243,[0.0014262605396246008, 0.0014262605024175257, 1.2690751130249447e-5]
0.030538555088334154,[0.0014262631976671208, 0.0014262631605390461, 1.2689962242110092e-5]
0.033516026509388425,[0.0014262660216240726, 0.0014262659845159136, 1.2693386180034521e-5]
0.03678379771828634,[0.0014262690957736553, 0.0014262690585739458, 1.2690917196149499e-5]
0.040370172585965536,[0.0014262723625346491, 0.0014262723254201113, 1.2690626378120962e-5]
0.044306214575838825,[0.0014262758360201239, 0.0014262757990162716, 1.2694477589822205e-5]
0.04862601580065353,[0.0014262796071487886, 0.0014262795700792853, 1.2692447861278472e-5]
0.0533669923120631,[0.0014262835509571664, 0.0014262835140245313, 1.2696527728442566e-5]
0.05857020818056667,[0.001426287699754737, 0.0014262876627432, 1.2695820637155343e-5]
0.06428073117284322,[0.0014262920705679725, 0.0014262920334805538, 1.26946200183328e-5]
0.07054802310718646,[0.0014262966508598934, 0.0014262966139234464, 1.2698843237603235e-5]
0.0774263682681127,[0.0014263013885212033, 0.0014263013515345387, 1.2703689438540626e-5]
0.08497534359086446,[0.001426306269213348, 0.0014263062321427929, 1.2695259549377724e-5]
0.093260334688322,[0.0014263112409998858, 0.0014263112037308891, 1.2701253737797562e-5]
0.10235310218990264,[0.001426316205362885, 0.0014263161679937038, 1.270713962194787e-5]
0.11233240329780277,[0.0014263211178545923, 0.0014263210803656394, 1.271453742949202e-5]
0.12328467394420665,[0.0014263259251956683, 0.0014263258875343375, 1.272627362377534e-5]
0.13530477745798075,[0.0014263305696413757, 0.0014263305317852846, 1.2741430241020976e-5]
0.1484968262254465,[0.0014263347703610707, 0.0014263347327204625, 1.274857322192666e-5]
0.16297508346206444,[0.0014263386553613493, 0.0014263386179426464, 1.2741434013395385e-5]
0.1788649529057435,[0.001426342240244668, 0.0014263422031428146, 1.274321903285983e-5]
0.19630406500402714,[0.0014263453645941729, 0.0014263453273492255, 1.274094537197384e-5]
0.21544346900318845,[0.0014263481093003208, 0.0014263480723874752, 1.2736849948610796e-5]
0.23644894126454083,[0.001426350999471851, 0.0014263509623211438, 1.2732091332664026e-5]
0.25950242113997374,[0.0014263542288458723, 0.001426354192031339, 1.271047235050486e-5]
0.2848035868435802,[0.00142635835853373, 0.0014263583212661484, 1.267479766121687e-5]
0.3125715849688237,[0.001426364097012463, 0.0014263640598545962, 1.2645795340978522e-5]
0.34304692863149194,[0.0014263718597365314, 0.0014263718226259696, 1.2608927501120253e-5]
0.37649358067924693,[0.0014263818201286046, 0.0014263817832052036, 1.2555978332190855e-5]
0.41320124001153385,[0.001426392638832233, 0.00142639260211482, 1.249928757838909e-5]
0.4534878508128585,[0.001426400846636289, 0.0014264008099221133, 1.2425821616358592e-5]
0.49770235643321115,[0.0014263991146491004, 0.0014263990777586709, 1.233218255613017e-5]
0.5462277217684343,[0.0014263747853185025, 0.0014263747483028405, 1.2223912297962907e-5]
0.5994842503189411,[0.001426308546358742, 0.0014263085093830633, 1.20935557734578e-5]
0.6579332246575682,[0.00142617603285057, 0.0014261759962338953, 1.19705277454541e-5]
0.7220809018385468,[0.0014259508505345719, 0.001425950814255684, 1.1852748966373144e-5]
0.7924828983539177,[0.0014256137953782, 0.001425613758555631, 1.1713872337158132e-5]
0.8697490026177834,[0.0014251611104561942, 0.0014251610729942652, 1.1530367094131795e-5]
0.9545484566618342,[0.00142461259989861, 0.001424612563099583, 1.1261082673964127e-5]
1.0476157527896652,[0.0014240073404174006, 0.0014240073031445842, 1.0943310685261018e-5]
1.149756995397737,[0.00142338509359333, 0.0014233850555967103, 1.0643712436787497e-5]
1.261856883066021,[0.0014227614808157117, 0.0014227614445600062, 1.0352293719687461e-5]
1.384886371393873,[0.0014221155490598337, 0.0014221155112272455, 1.008476311515659e-5]
1.5199110829529348,[0.0014214082759548565, 0.0014214082384286207, 9.831272729074931e-6]
1.6681005372000592,[0.0014206259604020305, 0.0014206259227294068, 9.489264859503963e-6]
1.8307382802953698,[0.0014198308014294282, 0.0014198307638233186, 9.041507130704604e-6]
2.0092330025650478,[0.0014191690654367902, 0.0014191690275552073, 8.494789222434623e-6]
2.2051307399030455,[0.0014187337656281632, 0.0014187337275869893, 7.882318556784035e-6]
2.4201282647943834,[0.001418419121642867, 0.0014184190835638316, 7.280176204828426e-6]
2.656087782946687,[0.0014181418120963005, 0.0014181417741047104, 6.715019584863834e-6]
2.9150530628251787,[0.001418012843295532, 0.0014180128049615123, 6.104113721162663e-6]
3.1992671377973845,[0.00141804843919807, 0.0014180484008965656, 5.456852163169322e-6]
3.5111917342151346,[0.0014181944529918348, 0.001418194414580985, 4.783749928581291e-6]
3.8535285937105312,[0.0014184077833363053, 0.001418407744104153, 3.9903154651234316e-6]
4.229242874389499,[0.0014187419015441176, 0.0014187418625305444, 3.2875811433896216e-6]
4.641588833612782,[0.0014188116573139, 0.001418811618461875, 2.617296066845107e-6]
5.09413801481638,[0.0014185431179162308, 0.0014185430788499864, 2.0041659867013317e-6]
5.590810182512229,[0.0014181552912601394, 0.0014181552526946351, 1.501122937514865e-6]
6.135907273413176,[0.0014176675936115048, 0.0014176675543819417, 1.0696643829405323e-6]
6.7341506577508286,[0.0014172162875064171, 0.0014172162483851278, 7.256969137328268e-7]
7.390722033525782,[0.0014170162351436167, 0.00141701619641835, 4.943680967371495e-7]
8.111308307896872,[0.0014171327386705299, 0.0014171326997332904, 3.4292535934416274e-7]
8.902150854450392,[0.001417038296242854, 0.0014170382574523659, 2.638017583878213e-7]
9.770099572992256,[0.0014169556441878564, 0.0014169556049574157, 2.1662135549202938e-7]
10.722672220103243,[0.0014171687387298999, 0.0014171687003589103, 1.6778559445003154e-7]
11.768119524349991,[0.0014174611385105063, 0.0014174611000358482, 1.5956136490965087e-7]
12.91549665014884,[0.0014173161348590825, 0.0014173160962938855, 1.6001833429190253e-7]
14.174741629268063,[0.0014174806085082317, 0.0014174805700476914, 1.3193675218673712e-7]
15.556761439304722,[0.0014174405468882767, 0.001417440507929133, 1.1252736558256054e-7]
17.07352647470692,[0.0014176412684247265, 0.0014176412296822536, 1.0556435431594116e-7]
18.73817422860385,[0.0014175723384474467, 0.0014175722997556899, 9.520519865347602e-8]
20.565123083486537,[0.0014177704670731, 0.001417770428227401, 9.304522202010645e-8]
22.570197196339215,[0.0014176455497038828, 0.0014176455110068485, 8.724970705099623e-8]
24.770763559917114,[0.001417760479321036, 0.0014177604410836333, 1.0865258117031367e-7]
27.185882427329428,[0.0014178974747767706, 0.0014178974360618138, 1.0336161379440975e-7]
29.836472402833405,[0.0014178270084712029, 0.0014178269696100848, 8.411138231983813e-8]
32.745491628777316,[0.0014179004280495504, 0.0014179003896841456, 9.574851328794202e-8]
35.938136638046295,[0.0014178910582492794, 0.0014178910200514083, 1.0176212288851267e-7]
39.4420605943766,[0.0014179341360232628, 0.0014179340973505246, 8.500086051705845e-8]
43.287612810830616,[0.0014179525024137604, 0.0014179524640926123, 8.8206757250577e-8]
47.50810162102798,[0.0014180002935008503, 0.0014180002547849956, 1.1652895163153573e-7]
52.140082879996896,[0.0014179911387709949, 0.0014179911002449002, 1.3936725529360375e-7]
57.2236765935022,[0.0014180506020840032, 0.0014180505632551855, 1.2537516701055016e-7]
62.802914418342596,[0.0014179565229675449, 0.0014179564838389888, 9.325937475019779e-8]
68.92612104349702,[0.0014180104177402685, 0.001418010378827171, 1.0074918109904345e-7]
75.64633275546291,[0.0014179807796625846, 0.0014179807406597095, 9.194438482350603e-8]
83.02175681319753,[0.0014179775981474159, 0.0014179775598349854, 9.628683167026257e-8]
91.11627561154896,[0.0014180845956259754, 0.001418084557458344, 1.1530861777103127e-7]
100.0,[0.0014182365186347161, 0.001418236480104291, 2.849813906146253e-7]
